old_seqs,old_predicted_y,new_seqs,STORM_predicted_y,optimized_pwm,orig_model_predicted_y
TACAATTGCCCGATACC,-0.08850261569023132,ATGGCGTCTAAGTTTCC,[0.6680376],"[[5.96376836e-01 4.03434634e-01 1.29866719e-04 5.86497299e-05]
 [2.27436044e-06 9.99991298e-01 3.08236099e-06 3.32515992e-06]
 [2.10127055e-05 5.37029773e-05 8.62787510e-06 9.99916673e-01]
 [2.65387425e-05 6.39362270e-06 1.08330676e-06 9.99966025e-01]
 [8.73153795e-07 1.83196312e-06 9.99982476e-01 1.47371275e-05]
 [4.10145164e-01 1.07055143e-01 5.67524172e-02 4.26047266e-01]
 [1.93747164e-05 5.65998197e-01 3.61475021e-01 7.25073591e-02]
 [1.20323066e-05 2.81825601e-06 9.99976993e-01 8.06933895e-06]
 [1.18745504e-06 9.99982357e-01 1.48504869e-05 1.58391583e-06]
 [9.99905109e-01 1.53058045e-06 3.09893803e-05 6.23088927e-05]
 [9.99989510e-01 5.94662242e-06 3.05638855e-06 1.47056210e-06]
 [1.65336962e-06 2.34892855e-06 4.20818697e-06 9.99991775e-01]
 [3.21922039e-06 9.99958515e-01 8.51270670e-06 2.98182295e-05]
 [3.50455848e-05 6.16802037e-01 4.82421145e-02 3.34920704e-01]
 [3.86495858e-01 6.13458633e-01 3.74958909e-05 8.03368221e-06]
 [4.26349361e-05 2.60184947e-06 9.99953389e-01 1.41871612e-06]
 [1.39660016e-01 3.39412009e-06 8.60307693e-01 2.88882366e-05]]",0.20887776
AGAGCCCAAAGACACCG,0.059727150946855545,ATGGCGTCTAAGTTTCC,[0.66803795],"[[5.96323073e-01 4.03489828e-01 1.28471831e-04 5.86335409e-05]
 [2.27492433e-06 9.99991298e-01 3.08229346e-06 3.32442755e-06]
 [2.10997259e-05 5.41730005e-05 8.55821327e-06 9.99916196e-01]
 [2.67065079e-05 6.40400140e-06 1.08354629e-06 9.99965787e-01]
 [8.73748263e-07 1.83845032e-06 9.99982119e-01 1.51502591e-05]
 [4.10135150e-01 1.06996164e-01 5.68313748e-02 4.26037312e-01]
 [1.93799951e-05 5.66083252e-01 3.61384898e-01 7.25124851e-02]
 [1.20188915e-05 2.84558223e-06 9.99977231e-01 7.87394674e-06]
 [1.18679611e-06 9.99982357e-01 1.48940298e-05 1.58659179e-06]
 [9.99905944e-01 1.53101098e-06 3.03762536e-05 6.21454601e-05]
 [9.99989510e-01 5.94799485e-06 3.05850267e-06 1.46952470e-06]
 [1.68270549e-06 2.39655901e-06 4.30327509e-06 9.99991655e-01]
 [3.21860443e-06 9.99957919e-01 8.70029908e-06 3.01317159e-05]
 [3.49982183e-05 6.17683172e-01 4.81215902e-02 3.34160239e-01]
 [3.86642039e-01 6.13313437e-01 3.65422675e-05 7.96220502e-06]
 [4.18408854e-05 2.57722968e-06 9.99954104e-01 1.41354462e-06]
 [1.39786944e-01 3.40365841e-06 8.60180199e-01 2.94195597e-05]]",0.20887776
GAAAGCCATACGTATAG,-0.11858431994915009,ATGGCGTCTAAGTTTCC,[0.6680285],"[[5.9640265e-01 4.0341067e-01 1.2820672e-04 5.8446622e-05]
 [2.2718370e-06 9.9999130e-01 3.0818201e-06 3.3216704e-06]
 [2.1963406e-05 5.6618203e-05 8.6416430e-06 9.9991274e-01]
 [2.6683823e-05 6.4013025e-06 1.0851036e-06 9.9996579e-01]
 [8.7736640e-07 1.8306371e-06 9.9998224e-01 1.5066692e-05]
 [4.1001084e-01 1.0696552e-01 5.6857821e-02 4.2616579e-01]
 [1.9326277e-05 5.6608999e-01 3.6143324e-01 7.2457470e-02]
 [1.1954689e-05 2.7902556e-06 9.9997699e-01 8.2426441e-06]
 [1.1844646e-06 9.9998248e-01 1.4746632e-05 1.5830614e-06]
 [9.9990559e-01 1.5263569e-06 3.0592975e-05 6.2175364e-05]
 [9.9998951e-01 5.9423533e-06 3.0528142e-06 1.4700069e-06]
 [1.6494167e-06 2.3412954e-06 4.1799208e-06 9.9999177e-01]
 [3.1964141e-06 9.9995863e-01 8.5421216e-06 2.9539722e-05]
 [3.5050758e-05 6.1711144e-01 4.8191972e-02 3.3466157e-01]
 [3.8646191e-01 6.1349297e-01 3.7042966e-05 8.0629161e-06]
 [4.2151667e-05 2.5885599e-06 9.9995387e-01 1.4332270e-06]
 [1.3965346e-01 3.4000504e-06 8.6031467e-01 2.8526323e-05]]",0.20887776
GACATGAGCAATAGACG,0.19109728932380676,ATGGCGTCTAAGTTTCC,[0.66803694],"[[5.96318007e-01 4.03495193e-01 1.28346801e-04 5.85159542e-05]
 [2.27323699e-06 9.99991298e-01 3.08405470e-06 3.32685681e-06]
 [2.12042578e-05 5.40298242e-05 8.51746972e-06 9.99916196e-01]
 [2.67578525e-05 6.41882298e-06 1.08875440e-06 9.99965787e-01]
 [8.71228167e-07 1.82984479e-06 9.99982357e-01 1.48490990e-05]
 [4.10072744e-01 1.07062861e-01 5.68222739e-02 4.26042140e-01]
 [1.93790329e-05 5.66164792e-01 3.61340404e-01 7.24754483e-02]
 [1.20075292e-05 2.81064490e-06 9.99977469e-01 7.75354602e-06]
 [1.18721391e-06 9.99982476e-01 1.48172585e-05 1.58470789e-06]
 [9.99905348e-01 1.53007591e-06 3.06793336e-05 6.24379900e-05]
 [9.99989510e-01 5.95042320e-06 3.05552021e-06 1.46978812e-06]
 [1.63691493e-06 2.36727237e-06 4.21894447e-06 9.99991775e-01]
 [3.22008009e-06 9.99958515e-01 8.67205654e-06 2.96199469e-05]
 [3.51456947e-05 6.16795599e-01 4.81181704e-02 3.35051030e-01]
 [3.86600792e-01 6.13354683e-01 3.65168198e-05 8.02231534e-06]
 [4.19771313e-05 2.58281466e-06 9.99953985e-01 1.42162082e-06]
 [1.39602199e-01 3.40248334e-06 8.60365570e-01 2.87757066e-05]]",0.20887776
GTTTGGGACGAGTATCA,0.40522992610931396,ATGGCGTCTAAGTTTCC,[0.6680329],"[[5.9625638e-01 4.0355718e-01 1.2788187e-04 5.8592825e-05]
 [2.2745728e-06 9.9999130e-01 3.0844194e-06 3.3239203e-06]
 [2.2091654e-05 5.6643585e-05 8.5753081e-06 9.9991274e-01]
 [2.6579950e-05 6.4563101e-06 1.0853076e-06 9.9996591e-01]
 [8.7204523e-07 1.8302322e-06 9.9998236e-01 1.4910914e-05]
 [4.1004780e-01 1.0704243e-01 5.6796622e-02 4.2611322e-01]
 [1.9348687e-05 5.6605017e-01 3.6144865e-01 7.2481811e-02]
 [1.2016762e-05 2.8331999e-06 9.9997747e-01 7.6690112e-06]
 [1.1872027e-06 9.9998248e-01 1.4784046e-05 1.5849889e-06]
 [9.9990594e-01 1.5306490e-06 3.0519146e-05 6.1931511e-05]
 [9.9998951e-01 5.9436061e-06 3.0580652e-06 1.4699340e-06]
 [1.6411290e-06 2.3342348e-06 4.1954800e-06 9.9999177e-01]
 [3.2347189e-06 9.9995863e-01 8.5785323e-06 2.9559422e-05]
 [3.4957149e-05 6.1750519e-01 4.8082132e-02 3.3437777e-01]
 [3.8651425e-01 6.1344069e-01 3.7090318e-05 8.0374784e-06]
 [4.2161719e-05 2.5914226e-06 9.9995387e-01 1.4187656e-06]
 [1.3983132e-01 3.4015684e-06 8.6013669e-01 2.8562643e-05]]",0.20887776
