old_seqs,old_predicted_y,new_seqs,STORM_predicted_y,optimized_pwm,orig_model_predicted_y
GACAGATAAATAGGCTA,0.0014910330064594746,AGTTAAAGATCATCGGT,[0.9990896],"[[0.67964184 0.0431458  0.20349775 0.07371468]
 [0.09931842 0.14328614 0.06783201 0.6895634 ]
 [0.11497118 0.4147326  0.3251138  0.14518234]
 [0.20268202 0.7329976  0.02527323 0.0390471 ]
 [0.919581   0.02032506 0.0261419  0.03395208]
 [0.77127063 0.11563093 0.0659267  0.04717173]
 [0.42259338 0.1304762  0.18331186 0.2636185 ]
 [0.04523876 0.02532425 0.03896626 0.8904707 ]
 [0.60970986 0.10658114 0.14488192 0.138827  ]
 [0.38956615 0.51432407 0.05229459 0.04381523]
 [0.08807201 0.16079608 0.5114364  0.2396955 ]
 [0.62444526 0.18359384 0.10648892 0.08547193]
 [0.31709453 0.5090203  0.12064353 0.05324159]
 [0.04528828 0.03078399 0.8895076  0.03442006]
 [0.08247101 0.04248429 0.03849095 0.83655375]
 [0.04903132 0.22917736 0.06583121 0.6559601 ]
 [0.17144108 0.5630435  0.11817547 0.14733998]]",0.0045084786
CAGCAAACCACCTGCTA,6.238368399635874e-08,AGTTAAAGATCATCGGT,[0.9990891],"[[0.6796358  0.04315999 0.20354648 0.07365767]
 [0.09931674 0.1433426  0.06782586 0.6895148 ]
 [0.11482846 0.4149421  0.3249668  0.1452626 ]
 [0.20221323 0.73340935 0.0253136  0.03906379]
 [0.9195898  0.02032107 0.02614197 0.03394715]
 [0.7711069  0.11580431 0.06592008 0.04716873]
 [0.42258456 0.13059577 0.18287304 0.2639466 ]
 [0.04530165 0.02536848 0.0389823  0.89034754]
 [0.6095637  0.10667477 0.14503513 0.1387264 ]
 [0.38949692 0.5142654  0.05238907 0.04384864]
 [0.08825321 0.16113602 0.5119115  0.23869929]
 [0.6250557  0.18350488 0.10612791 0.0853115 ]
 [0.31716308 0.5087834  0.12077778 0.05327572]
 [0.04529998 0.0307545  0.8895348  0.03441082]
 [0.08251373 0.04243963 0.03859679 0.8364498 ]
 [0.04901793 0.2296996  0.06585348 0.65542895]
 [0.17219307 0.5626502  0.1176355  0.14752118]]",0.0045084786
CGACGCAAACTGACCGT,0.0017204374307766557,AGTTAAAGATCATCGGT,[0.99908805],"[[0.6788299  0.04313749 0.20433454 0.07369806]
 [0.09928602 0.14319986 0.06785949 0.6896546 ]
 [0.11488905 0.41439152 0.32492626 0.14579323]
 [0.20097575 0.73463416 0.02530902 0.03908101]
 [0.9195892  0.0203443  0.02611806 0.03394846]
 [0.77128935 0.11575746 0.06583351 0.04711965]
 [0.42189175 0.13092193 0.18269527 0.26449105]
 [0.04535268 0.02537559 0.03902176 0.89024997]
 [0.6094792  0.10672288 0.14507063 0.13872728]
 [0.3893121  0.514411   0.05242989 0.04384702]
 [0.08826347 0.161725   0.51204026 0.23797122]
 [0.6255959  0.18352318 0.10582066 0.08506022]
 [0.31700337 0.5090093  0.12077251 0.05321478]
 [0.0453146  0.03074156 0.88952625 0.0344175 ]
 [0.08268923 0.04245239 0.03869343 0.836165  ]
 [0.04903712 0.22915612 0.06577536 0.6560314 ]
 [0.17267336 0.56252635 0.11750954 0.14729081]]",0.0045084786
AGCGCAAACCTGCGCAT,0.0005025186692364514,AGTTAAAGATCATCGGT,[0.9990879],"[[0.679728   0.04314187 0.20347738 0.07365276]
 [0.09925698 0.14359571 0.06778204 0.68936527]
 [0.11487179 0.4148945  0.3250345  0.14519925]
 [0.20201065 0.7336116  0.0253088  0.03906886]
 [0.9195609  0.02033287 0.02614283 0.03396342]
 [0.7708045  0.11604358 0.06593033 0.04722146]
 [0.4228881  0.13056952 0.18255752 0.26398492]
 [0.04533986 0.02539587 0.03901249 0.8902518 ]
 [0.6094793  0.10658745 0.1450627  0.13887054]
 [0.3893137  0.5143578  0.05245651 0.04387198]
 [0.08843448 0.16166751 0.5117308  0.2381672 ]
 [0.62548727 0.18319264 0.1061317  0.08518843]
 [0.3172172  0.50882345 0.12073334 0.05322604]
 [0.04532648 0.03074475 0.8894907  0.03443811]
 [0.08262344 0.04247205 0.03869411 0.8362104 ]
 [0.04904953 0.22969706 0.06582253 0.65543085]
 [0.17214437 0.5635631  0.11738827 0.14690432]]",0.0045084786
AGCTAAAGATCATCGGT,0.0010250868508592248,AGTTAAAGATCATCGGT,[0.99908924],"[[0.6797515  0.04313561 0.20344354 0.07366934]
 [0.09932742 0.14328448 0.06784741 0.6895406 ]
 [0.11501248 0.4150284  0.3249791  0.14497998]
 [0.20254305 0.7331169  0.02529477 0.03904528]
 [0.91961324 0.02031665 0.02613331 0.03393688]
 [0.7710818  0.11574717 0.06596303 0.04720797]
 [0.42268747 0.13061944 0.1828751  0.263818  ]
 [0.04530082 0.02538062 0.03899848 0.89032006]
 [0.60944206 0.10660177 0.14509417 0.13886197]
 [0.38938707 0.5143457  0.05240726 0.04385995]
 [0.08830484 0.1611064  0.5121869  0.23840189]
 [0.6250505  0.18381977 0.10601345 0.08511625]
 [0.31718212 0.508619   0.12094168 0.05325719]
 [0.04528933 0.03076924 0.8895296  0.03441186]
 [0.08257865 0.04244593 0.03859059 0.83638483]
 [0.04902559 0.22975579 0.06573043 0.6554882 ]
 [0.17196247 0.56229943 0.11775606 0.14798205]]",0.0045084762
