old_seqs,old_predicted_y,new_seqs,STORM_predicted_y,optimized_pwm,orig_model_predicted_y
AATTCTTCTGTCAGGGA,3.6042382186435296e-12,TTATGCAATCAATAACA,[0.9953312],"[[0.2474918  0.3529119  0.34477434 0.05482202]
 [0.03135737 0.9090646  0.03019448 0.02938345]
 [0.75632465 0.0314788  0.03202642 0.18017013]
 [0.06601028 0.44484586 0.2520686  0.23707533]
 [0.1560869  0.312667   0.11446903 0.41677707]
 [0.15945859 0.29271242 0.4819442  0.06588478]
 [0.6528358  0.04628872 0.26370615 0.03716936]
 [0.7799244  0.0396852  0.08034567 0.10004476]
 [0.05128213 0.8838029  0.03099542 0.03391957]
 [0.03910166 0.3635534  0.5351385  0.06220643]
 [0.3610053  0.22466052 0.16637532 0.24795888]
 [0.47440127 0.2219693  0.04820255 0.25542685]
 [0.04701221 0.5545198  0.13308355 0.26538444]
 [0.6060805  0.2523958  0.07651535 0.06500836]
 [0.40570426 0.3113433  0.20702028 0.0759322 ]
 [0.04342587 0.07102869 0.8591249  0.02642061]
 [0.9235705  0.02728317 0.02231147 0.02683479]]",0.004267734
TGACGTGCGCGAATTAA,3.978072982135927e-08,TTATGCAATCAATAACA,[0.99522674],"[[0.24647714 0.3533744  0.34533724 0.05481117]
 [0.03139775 0.9090047  0.03019383 0.0294038 ]
 [0.75724137 0.03197569 0.03212802 0.17865498]
 [0.06691441 0.4411952  0.25119504 0.24069534]
 [0.15672126 0.3103974  0.11191378 0.4209676 ]
 [0.15833369 0.30622745 0.47010252 0.06533638]
 [0.6512573  0.04611633 0.26542476 0.0372016 ]
 [0.7762959  0.03981368 0.08592411 0.09796629]
 [0.05049476 0.88471514 0.03099309 0.03379704]
 [0.03876689 0.3754074  0.5218874  0.06393825]
 [0.36227462 0.22582702 0.16154107 0.2503572 ]
 [0.47490343 0.22226067 0.04798837 0.25484753]
 [0.04749436 0.545855   0.13621405 0.2704366 ]
 [0.6152892  0.2494536  0.071587   0.06367012]
 [0.40272412 0.31143016 0.21027924 0.07556643]
 [0.04457258 0.07200958 0.8569126  0.02650526]
 [0.9232332  0.02737761 0.02247814 0.026911  ]]",0.004267734
TCCCAGAAAACTAACCA,9.459402576794673e-07,TTATGCAATCAATAACA,[0.99537116],"[[0.24748778 0.35246617 0.3451725  0.0548736 ]
 [0.03138356 0.9090003  0.03021263 0.02940354]
 [0.75689197 0.0317998  0.03211767 0.17919059]
 [0.06732313 0.44344303 0.24982074 0.23941311]
 [0.15437202 0.31193957 0.11448616 0.41920224]
 [0.15943219 0.29405066 0.48018956 0.06632763]
 [0.6555755  0.04570794 0.26223856 0.03647802]
 [0.7784893  0.03862507 0.08467844 0.0982073 ]
 [0.05131529 0.88363355 0.03107281 0.03397836]
 [0.03899271 0.36439586 0.53357977 0.06303162]
 [0.36105433 0.22552472 0.16495465 0.24846631]
 [0.47298744 0.2228143  0.04844108 0.25575718]
 [0.04697666 0.55783945 0.13218065 0.26300317]
 [0.6068479  0.25152823 0.07677481 0.06484907]
 [0.4048143  0.31197658 0.20713487 0.07607432]
 [0.04334681 0.07139073 0.8587865  0.02647589]
 [0.9234011  0.02735157 0.02236588 0.02688153]]",0.004267734
ACACCAGGTCCGAGGGA,3.4238549773135674e-09,TTATGCAATCAATAACA,[0.9953799],"[[0.24813636 0.35216126 0.3448315  0.05487085]
 [0.03143494 0.9088753  0.03025185 0.02943794]
 [0.75560135 0.03184675 0.03210069 0.18045121]
 [0.06671132 0.43949756 0.25513723 0.23865387]
 [0.15656634 0.30725387 0.11803485 0.41814485]
 [0.1616075  0.29159793 0.48000178 0.06679276]
 [0.6575011  0.04561163 0.26005685 0.0368304 ]
 [0.77903736 0.0388069  0.08442559 0.09773015]
 [0.05129929 0.883737   0.03105382 0.03390988]
 [0.03885273 0.36974102 0.5240653  0.06734088]
 [0.35855377 0.22527626 0.16609639 0.25007352]
 [0.48178682 0.21814506 0.04839386 0.25167435]
 [0.04747674 0.552233   0.13340658 0.26688373]
 [0.61338234 0.24811915 0.07394373 0.06455478]
 [0.40078545 0.3119521  0.21087453 0.07638782]
 [0.04418591 0.07179077 0.8574803  0.02654308]
 [0.9232979  0.02737724 0.02240048 0.02692447]]",0.004267734
TTATGCAATCTTCATCA,0.00017689855303615332,TTATGCAATCAATAACA,[0.9953571],"[[0.24829379 0.35288602 0.3440442  0.05477599]
 [0.03136466 0.90906984 0.030201   0.02936457]
 [0.75690174 0.03139174 0.03208805 0.17961848]
 [0.06586588 0.4409664  0.25364876 0.23951896]
 [0.15608509 0.3086467  0.11554727 0.41972092]
 [0.15974914 0.29648763 0.47813648 0.06562675]
 [0.65748847 0.04593485 0.2599288  0.03664786]
 [0.7763874  0.03906547 0.08582796 0.09871919]
 [0.05112148 0.88392556 0.03105674 0.03389617]
 [0.03879501 0.37307525 0.520156   0.06797375]
 [0.359413   0.22529969 0.1654633  0.24982397]
 [0.4801297  0.21899644 0.04858201 0.25229186]
 [0.04773686 0.55015594 0.13406818 0.26803902]
 [0.6137326  0.24841483 0.07340368 0.06444885]
 [0.40199342 0.3123934  0.20954478 0.07606834]
 [0.04434296 0.07170589 0.8574068  0.02654431]
 [0.92329246 0.0273589  0.02243136 0.02691732]]",0.0042677377
