old_seqs,old_predicted_y,new_seqs,STORM_predicted_y,optimized_pwm,orig_model_predicted_y
AGTATAGCCTCGATTTT,8.907677511160728e-06,CCCTCAGGAAGAAGACT,[0.9943295],"[[0.08297618 0.04128365 0.8131551  0.06258503]
 [0.03757705 0.03717169 0.88729656 0.03795462]
 [0.09925939 0.03872876 0.70704323 0.15496862]
 [0.22730963 0.55081123 0.1773089  0.04457026]
 [0.03831977 0.09583624 0.7687423  0.09710166]
 [0.41634834 0.148979   0.10499051 0.32968217]
 [0.11981013 0.07963314 0.39476204 0.40579468]
 [0.2699702  0.11416534 0.27005082 0.3458136 ]
 [0.82166404 0.09852669 0.03798116 0.04182806]
 [0.77253395 0.04619217 0.10751644 0.07375734]
 [0.25392526 0.11123687 0.30872965 0.32610825]
 [0.313899   0.1676479  0.24488363 0.2735695 ]
 [0.47296274 0.06827015 0.0802324  0.37853464]
 [0.27810347 0.21304609 0.186346   0.3225044 ]
 [0.6819607  0.15043828 0.10076372 0.06683736]
 [0.04106167 0.03625649 0.86679035 0.05589154]
 [0.03858443 0.8886868  0.03675251 0.03597629]]",0.9836142
CCCTCGGAAAAAAAACT,0.13328300416469574,CCCTCAGGAAGAAGACT,[0.9943452],"[[0.08308087 0.04132614 0.8129454  0.06264764]
 [0.03761469 0.03721161 0.88717914 0.03799464]
 [0.09904131 0.03874151 0.7072995  0.1549177 ]
 [0.22706996 0.55068976 0.17777048 0.0444698 ]
 [0.03844508 0.09595405 0.7682189  0.09738196]
 [0.4162352  0.14905001 0.10503855 0.32967627]
 [0.12033921 0.07890183 0.39549613 0.40526283]
 [0.27018765 0.11442108 0.26995075 0.3454405 ]
 [0.8215425  0.09865583 0.03801087 0.04179081]
 [0.7726686  0.04620645 0.10731707 0.07380789]
 [0.25264946 0.11116489 0.30888474 0.32730094]
 [0.31414032 0.16793062 0.24429207 0.27363694]
 [0.4724142  0.06772794 0.08069973 0.3791582 ]
 [0.27807277 0.21309215 0.18655631 0.3222788 ]
 [0.68231684 0.15013792 0.10071526 0.06683003]
 [0.04107039 0.03627713 0.86670214 0.05595034]
 [0.03862874 0.8885517  0.03680104 0.03601852]]",0.9836142
ATATGTGGCATGATCGA,0.00033775504562072456,CCCTCAGGAAGAAGACT,[0.9943317],"[[0.08321621 0.04130797 0.8126196  0.06285628]
 [0.03756684 0.03716084 0.8873412  0.03793105]
 [0.09899076 0.03868872 0.7073253  0.15499528]
 [0.22707856 0.5505985  0.17804411 0.04427881]
 [0.03855107 0.09570473 0.76782984 0.09791436]
 [0.41619363 0.14906847 0.10512591 0.329612  ]
 [0.1214237  0.07926243 0.3940263  0.40528756]
 [0.2701297  0.11402611 0.27048385 0.34536034]
 [0.8217176  0.09852128 0.03803695 0.04172417]
 [0.7717556  0.04625541 0.10811359 0.07387546]
 [0.25280413 0.11164168 0.30765873 0.32789552]
 [0.31377718 0.16807702 0.24459893 0.2735469 ]
 [0.47299576 0.06823802 0.08040584 0.37836042]
 [0.27821252 0.21342054 0.1860584  0.32230854]
 [0.6825124  0.15018307 0.09997416 0.06733043]
 [0.0410101  0.03618143 0.86699605 0.05581238]
 [0.0385501  0.88891006 0.03664512 0.03589468]]",0.9836142
TAAGTTAGGGCGCCGAC,0.026274146512150764,CCCTCAGGAAGAAGACT,[0.99433845],"[[0.08306029 0.0413152  0.81299084 0.06263369]
 [0.03760054 0.03719458 0.887228   0.03797683]
 [0.09914154 0.03872658 0.70725036 0.15488161]
 [0.2272705  0.55043894 0.17783129 0.04445919]
 [0.0384083  0.09582283 0.7684613  0.09730753]
 [0.41644603 0.14902338 0.1048994  0.3296312 ]
 [0.12027438 0.07877589 0.39554107 0.40540865]
 [0.27038532 0.11432853 0.269874   0.34541216]
 [0.8216335  0.09862071 0.0379909  0.04175485]
 [0.7722311  0.04620454 0.10773441 0.07382986]
 [0.2531257  0.11086147 0.30903608 0.32697672]
 [0.3135646  0.16789304 0.2450782  0.27346408]
 [0.47323906 0.06790257 0.08051825 0.37834015]
 [0.27830386 0.21334197 0.18671733 0.3216368 ]
 [0.68181497 0.15034217 0.1008736  0.06696928]
 [0.04108616 0.03628283 0.8667537  0.05587727]
 [0.03860807 0.88862747 0.03676545 0.03599897]]",0.9836142
GAGATAAGGCAACGGGG,7.756476406939328e-05,CCCTCAGGAAGAAGACT,[0.994333],"[[0.08321641 0.04131025 0.8126145  0.06285889]
 [0.03756914 0.03716306 0.88733494 0.03793287]
 [0.0989389  0.03869558 0.70734274 0.15502277]
 [0.22711287 0.5505629  0.17803127 0.04429293]
 [0.03856377 0.09574641 0.767677   0.0980128 ]
 [0.41614014 0.14909521 0.10512023 0.3296444 ]
 [0.12135266 0.07930692 0.39411628 0.40522414]
 [0.2701322  0.11402595 0.2703734  0.34546843]
 [0.821715   0.09851082 0.03803633 0.04173794]
 [0.7720986  0.04623115 0.10785083 0.07381944]
 [0.2528639  0.11173432 0.3076614  0.32774034]
 [0.31410715 0.16821767 0.24424616 0.273429  ]
 [0.47258112 0.06813081 0.08051305 0.37877503]
 [0.27818552 0.21332297 0.18614228 0.32234925]
 [0.6825004  0.1502438  0.09994312 0.06731261]
 [0.04101899 0.03619225 0.8669245  0.05586427]
 [0.03855403 0.8888863  0.03665809 0.03590158]]",0.9836142
