old_seqs,old_predicted_y,new_seqs,STORM_predicted_y,optimized_pwm,orig_model_predicted_y
AAAAEDDYGWRGSPFDYAAA,0.9964494705200195,AAAAATERDHYGLDYAAAAA,[0.99903476],"[[0.52813053 0.03784434 0.02255208 0.02069203 0.02029251 0.02241025
  0.01926444 0.01872388 0.02260302 0.01999405 0.01849274 0.02074779
  0.0219807  0.02039348 0.0242498  0.0772545  0.04219099 0.01389461
  0.01424956 0.0140387 ]
 [0.48825252 0.04390701 0.0210047  0.01963018 0.0147948  0.01807606
  0.02007926 0.01941231 0.01905688 0.02135354 0.01796391 0.01869402
  0.01812964 0.01901961 0.02224639 0.14386465 0.03493268 0.01323133
  0.01332018 0.01303025]
 [0.47295275 0.01022166 0.01831633 0.08366109 0.03486263 0.02765919
  0.01693206 0.02989211 0.03217503 0.0317512  0.04080557 0.02694622
  0.02144365 0.01342337 0.01816433 0.05080063 0.01731351 0.02861574
  0.01092698 0.01313593]
 [0.58875686 0.02717456 0.01784413 0.02235329 0.02189904 0.02228448
  0.02099167 0.02315301 0.02171525 0.02390061 0.02209128 0.02905045
  0.02294613 0.02437182 0.02103053 0.02157812 0.01524187 0.02124745
  0.01612019 0.0162492 ]
 [0.48422253 0.03174148 0.03597689 0.02383033 0.02672894 0.02564843
  0.02544682 0.03101235 0.04228066 0.02747201 0.03275321 0.03188149
  0.03242574 0.05223815 0.02866198 0.01800322 0.01200758 0.01359727
  0.01194573 0.01212512]
 [0.01169187 0.01168477 0.01052271 0.01393887 0.00861207 0.01660137
  0.01444502 0.01589343 0.01579942 0.01636028 0.01736325 0.0165973
  0.01555935 0.01985822 0.01432913 0.01191658 0.7337583  0.01175561
  0.0116901  0.01162229]
 [0.01541235 0.0243091  0.02192057 0.01920649 0.02139789 0.6214499
  0.02149645 0.02017444 0.02025158 0.02389973 0.02168343 0.02104895
  0.0223475  0.02399233 0.02443931 0.01543475 0.01536687 0.01529127
  0.01541282 0.01546432]
 [0.01145602 0.76203597 0.01521294 0.00972743 0.01327454 0.01121611
  0.01097266 0.01099796 0.01252981 0.01384042 0.01049273 0.01553407
  0.01533791 0.01582795 0.01226728 0.01259588 0.01226198 0.01147576
  0.0114618  0.01148074]
 [0.01498131 0.01814886 0.02218412 0.63071936 0.01825001 0.02022246
  0.01900838 0.02169438 0.02391752 0.01955216 0.02085034 0.01951116
  0.01813329 0.02322    0.0197697  0.02545543 0.01803682 0.0160129
  0.01515291 0.01517877]
 [0.01760432 0.02052517 0.02726382 0.03063957 0.03392892 0.02420703
  0.05891183 0.02344953 0.518018   0.02938605 0.02378319 0.03314964
  0.02918103 0.02189984 0.01894148 0.01874429 0.01760423 0.01752297
  0.01757259 0.01766649]
 [0.01249724 0.04110241 0.02130959 0.02171166 0.0190116  0.01904208
  0.01798363 0.02211999 0.0188223  0.01821605 0.02179058 0.02037199
  0.02182317 0.0205216  0.02495428 0.01715758 0.17751956 0.01373902
  0.45788416 0.01242159]
 [0.01249894 0.01307227 0.01631668 0.01268557 0.01661048 0.0180133
  0.01606256 0.72008365 0.01661373 0.01676757 0.01707836 0.01188497
  0.0159635  0.01249715 0.02119835 0.01251987 0.01256763 0.01258672
  0.01245666 0.01252205]
 [0.01110956 0.01108373 0.01149272 0.13728909 0.03182374 0.06477199
  0.02391865 0.03205724 0.02796855 0.07315991 0.4499887  0.01512529
  0.01871653 0.01847834 0.02018076 0.00891857 0.0111617  0.01100171
  0.01095577 0.01079742]
 [0.0148917  0.01661479 0.04057776 0.639073   0.01683767 0.01520352
  0.02127896 0.02165003 0.02163332 0.02084562 0.02145075 0.02104804
  0.01875843 0.01497244 0.01841776 0.01460172 0.01478456 0.01745755
  0.01499506 0.01490734]
 [0.01512452 0.05939381 0.02371    0.02209539 0.01905898 0.02142112
  0.02844629 0.02249665 0.02213776 0.02703173 0.01958285 0.02408751
  0.02208746 0.02004059 0.023679   0.03077818 0.0151934  0.0151152
  0.5531719  0.01534769]
 [0.5403873  0.05517575 0.02239846 0.02114856 0.02112238 0.02479301
  0.02274006 0.02020296 0.02178882 0.01972297 0.01984932 0.02070137
  0.0182406  0.02110645 0.02035566 0.06122824 0.01818956 0.02164047
  0.0146403  0.01456778]
 [0.5171171  0.05254669 0.02091826 0.01973332 0.02441196 0.02063999
  0.02408984 0.01984598 0.0207664  0.02141421 0.02027846 0.01867913
  0.02150615 0.02135113 0.03197873 0.06563663 0.02384973 0.02749038
  0.01389858 0.01384733]
 [0.53144956 0.09353424 0.02246238 0.02167848 0.01995843 0.02163885
  0.0231043  0.02268629 0.02435166 0.02239839 0.02086197 0.03379333
  0.02463907 0.02071258 0.02327418 0.01532749 0.01465794 0.01439546
  0.01438883 0.01468664]
 [0.53304875 0.10918783 0.02127814 0.02073443 0.02053711 0.02363117
  0.02008654 0.01979938 0.02169753 0.02577088 0.02023098 0.01865336
  0.01922169 0.01975444 0.0206179  0.02342863 0.01931897 0.01325479
  0.01485046 0.01489697]
 [0.5289974  0.03591989 0.02320237 0.02153113 0.02057448 0.02351332
  0.02071277 0.02245145 0.02188794 0.02122424 0.02079496 0.02111877
  0.02414533 0.0203688  0.06119072 0.03880964 0.01886394 0.02584642
  0.01423929 0.01460722]]",0.9999932
AAAELGQAYYYLQAFDYAAA,0.9990166425704956,AAAAATERDHYGLDYAAAAA,[0.99903595],"[[0.5281184  0.03784516 0.02255444 0.02069302 0.02029442 0.02241129
  0.01926593 0.01872694 0.02260507 0.01999547 0.0184955  0.02074923
  0.02198123 0.02039375 0.02425182 0.07722614 0.04221154 0.01389424
  0.01424849 0.01403803]
 [0.48822677 0.0439329  0.02100428 0.01962974 0.01479919 0.01807671
  0.02008042 0.01941345 0.01905769 0.02135385 0.01796615 0.01869545
  0.01813096 0.01902206 0.02224257 0.14384872 0.03493966 0.0132305
  0.01331917 0.01302975]
 [0.47292206 0.01022127 0.01831402 0.08374725 0.0348594  0.027669
  0.01693704 0.02989621 0.03217092 0.03174306 0.04078386 0.02694228
  0.02144469 0.01342332 0.01816428 0.05076754 0.01731628 0.02861328
  0.01092866 0.01313563]
 [0.58875704 0.02716528 0.01784931 0.0223547  0.0219015  0.02228449
  0.02099422 0.02315485 0.02171594 0.0239022  0.0220933  0.02904948
  0.02294785 0.02437218 0.02103283 0.02157893 0.01524114 0.0212358
  0.01612005 0.01624889]
 [0.484201   0.03174203 0.03597948 0.02383066 0.02672971 0.02564761
  0.02544708 0.03101495 0.04228707 0.02746884 0.03274802 0.03188803
  0.03240926 0.05226938 0.02866268 0.01800019 0.01200638 0.01359656
  0.01194567 0.01212541]
 [0.01169315 0.01168454 0.01052184 0.01394498 0.0086163  0.01660708
  0.01445244 0.01589853 0.01580388 0.01636635 0.01736928 0.01660378
  0.01556624 0.01985688 0.01433918 0.01191763 0.7336859  0.01175694
  0.01169152 0.01162365]
 [0.01541385 0.02428969 0.02192432 0.01921203 0.02140154 0.6214088
  0.02150172 0.02017907 0.02025406 0.02390425 0.02168876 0.02105365
  0.02235094 0.0239925  0.02444717 0.01543641 0.01536827 0.01529299
  0.01541428 0.01546578]
 [0.01145703 0.76198703 0.01521867 0.00972795 0.01327839 0.01121806
  0.01097738 0.01099959 0.01253506 0.01384449 0.01049188 0.01553865
  0.01534281 0.01583071 0.01227291 0.01259596 0.01226243 0.01147676
  0.01146272 0.0114816 ]
 [0.01498371 0.01815169 0.02219197 0.6306089  0.01825948 0.02022848
  0.01901437 0.02169887 0.02392323 0.01955741 0.02085861 0.01951903
  0.01814217 0.02322788 0.01977827 0.02546499 0.0180396  0.01601518
  0.0151551  0.01518107]
 [0.01759811 0.02051523 0.02725538 0.03064463 0.03391279 0.02419952
  0.05891423 0.02344499 0.51813215 0.02938422 0.02377682 0.03313136
  0.0291907  0.02188728 0.01893299 0.01873763 0.01759819 0.01751691
  0.01756653 0.01766032]
 [0.01249466 0.04112024 0.02130376 0.02170681 0.01900742 0.01903878
  0.01798141 0.02211723 0.01882174 0.01821496 0.02178209 0.02036671
  0.02182473 0.02051908 0.02493843 0.01715447 0.1776681  0.01373565
  0.4577848  0.012419  ]
 [0.01249605 0.01306898 0.01631809 0.01268132 0.01661011 0.01801501
  0.01605891 0.72012395 0.01661338 0.01676685 0.0170765  0.01187867
  0.01596265 0.01249255 0.02119897 0.01251696 0.01256463 0.0125836
  0.0124538  0.01251912]
 [0.01111237 0.01108604 0.01149513 0.13713263 0.03181547 0.06480759
  0.02392592 0.03205064 0.027984   0.07321052 0.45002702 0.01512716
  0.01872075 0.01848396 0.0201852  0.00890977 0.01116416 0.011004
  0.01095798 0.01079975]
 [0.01489415 0.01661658 0.04059896 0.6389604  0.01684374 0.01521243
  0.02128745 0.02165862 0.02163942 0.020855   0.0214641  0.0210552
  0.01875329 0.01497542 0.0184261  0.01460491 0.01478734 0.01745949
  0.01499746 0.01490991]
 [0.0151243  0.05945297 0.02371272 0.02209865 0.01906064 0.02142378
  0.02843028 0.02249853 0.02213931 0.02702568 0.01958612 0.0240867
  0.0220931  0.02004288 0.02367706 0.03073463 0.01519281 0.0151147
  0.55315834 0.01534679]
 [0.5403405  0.05518804 0.02239915 0.02114797 0.02112515 0.0247936
  0.02274202 0.02020415 0.02178182 0.01972469 0.01985085 0.02070153
  0.01824437 0.02110759 0.02035671 0.06127089 0.01818593 0.02162994
  0.0146386  0.01456651]
 [0.5171145  0.05258476 0.02091937 0.0197352  0.02441221 0.02064004
  0.02408289 0.01984801 0.02076801 0.02141505 0.02028207 0.01868219
  0.02150731 0.02135159 0.03197312 0.06563903 0.02382019 0.027479
  0.01389832 0.01384718]
 [0.53138274 0.09365457 0.02245942 0.02167798 0.01995777 0.02163867
  0.0231027  0.02268241 0.02434662 0.02239173 0.02086181 0.03378015
  0.02463513 0.0207102  0.02327272 0.01532452 0.01465579 0.01439391
  0.01438714 0.01468403]
 [0.5329582  0.10928573 0.02127852 0.02073294 0.02053718 0.0236378
  0.02008665 0.01979847 0.02170223 0.02577121 0.02023053 0.01865211
  0.01922087 0.01975456 0.02061594 0.02342345 0.01931832 0.01325375
  0.01484737 0.01489417]
 [0.5289729  0.03593464 0.02320364 0.02153265 0.02057546 0.02350949
  0.02071363 0.02245045 0.02188758 0.02122562 0.02079696 0.02112072
  0.02414099 0.02037227 0.06119987 0.03881632 0.01886079 0.0258401
  0.01423943 0.01460644]]",0.9999932
AAAKGLDGRPFPVSFDYAAA,0.9999226331710815,AAAAATERDHYGLDYAAAAA,[0.999035],"[[0.5281547  0.03784754 0.02255419 0.02069302 0.02029413 0.0224115
  0.01926642 0.01872602 0.02260443 0.01999576 0.01849489 0.02074965
  0.02198211 0.02039519 0.02425273 0.07720646 0.04218684 0.01389531
  0.01425003 0.01403922]
 [0.48823076 0.0439026  0.02100498 0.01962992 0.01479501 0.01807592
  0.0200795  0.0194124  0.01905664 0.02135303 0.01796386 0.01869408
  0.01812959 0.01901998 0.02224531 0.14389566 0.03493083 0.01323065
  0.01331968 0.01302963]
 [0.4729422  0.01022241 0.01831587 0.08367144 0.03486308 0.02766028
  0.01693191 0.0298923  0.03217473 0.03175084 0.04080648 0.0269391
  0.02144456 0.01342414 0.01816436 0.05079929 0.01731637 0.02861468
  0.01092876 0.01313719]
 [0.5887512  0.02717553 0.01784588 0.02235362 0.0218991  0.02228436
  0.02099294 0.02315376 0.02171591 0.0239011  0.02209215 0.0290496
  0.02294633 0.0243728  0.02103093 0.02157887 0.01524166 0.02124527
  0.01611999 0.01624906]
 [0.4842048  0.03173972 0.03597804 0.02383109 0.02672865 0.0256481
  0.02544694 0.03101362 0.04228281 0.02747311 0.03275531 0.03188475
  0.03242533 0.05225121 0.02866217 0.01800218 0.01200567 0.01359713
  0.01194499 0.01212438]
 [0.01169243 0.01168525 0.01052206 0.01394037 0.00861482 0.01660344
  0.01444755 0.01589521 0.01580149 0.01636254 0.01736517 0.01659968
  0.01556158 0.01985932 0.01433178 0.01191735 0.7337301  0.01175614
  0.01169078 0.01162296]
 [0.01541244 0.02430607 0.02192159 0.0192082  0.02139856 0.62143916
  0.02149785 0.02017597 0.02025206 0.02390106 0.02168467 0.02105041
  0.02234859 0.02399345 0.02443961 0.01543495 0.01536684 0.01529124
  0.01541288 0.01546434]
 [0.01145651 0.7620165  0.01521474 0.00972765 0.01327596 0.01121695
  0.0109747  0.01099861 0.01253181 0.01384178 0.01049296 0.01553534
  0.01533932 0.0158293  0.01226956 0.01259633 0.01226227 0.01147632
  0.01146227 0.01148116]
 [0.01498151 0.01814862 0.02218607 0.63070434 0.01825194 0.0202236
  0.01900868 0.02169489 0.02391878 0.01955341 0.02085185 0.01951254
  0.0181354  0.02322197 0.01977129 0.02545311 0.01803665 0.01601319
  0.01515317 0.01517909]
 [0.01760252 0.0205218  0.02726073 0.03063952 0.03392175 0.0242044
  0.05891373 0.02344796 0.51806885 0.02938355 0.02378135 0.03314038
  0.02917861 0.02189434 0.01893893 0.01874233 0.01760259 0.01752126
  0.01757082 0.01766464]
 [0.01249482 0.04110215 0.02130539 0.02170707 0.01900784 0.01903896
  0.01797999 0.02211632 0.01881882 0.01821281 0.02178561 0.02036737
  0.02182145 0.02051752 0.02494821 0.0171546  0.17767683 0.0137358
  0.45778915 0.01241929]
 [0.01249721 0.01307049 0.01631522 0.01268395 0.01660877 0.01801094
  0.01606064 0.72011787 0.0166121  0.01676603 0.01707661 0.01188304
  0.01596211 0.01249513 0.02119518 0.01251827 0.01256589 0.012585
  0.01245506 0.01252047]
 [0.01111171 0.01108577 0.01149508 0.13706651 0.03183183 0.06479841
  0.02392338 0.03206602 0.02797687 0.07318489 0.45009598 0.01512871
  0.01872134 0.01848352 0.02018586 0.00891918 0.01116396 0.01100378
  0.01095787 0.01079938]
 [0.01489191 0.01661453 0.04059582 0.6390442  0.01683872 0.015206
  0.02128079 0.02165188 0.02163272 0.02084721 0.02145328 0.02105013
  0.01875481 0.0149721  0.01841918 0.01460194 0.01478477 0.01745713
  0.01499529 0.0149076 ]
 [0.01512416 0.0594069  0.02371051 0.02209614 0.0190603  0.02142219
  0.02844548 0.02249712 0.02213805 0.02703078 0.01958404 0.02408764
  0.02208811 0.02004134 0.02367906 0.0307679  0.0151931  0.01511495
  0.5531648  0.01534747]
 [0.54036576 0.05517776 0.02239879 0.02114896 0.02112248 0.02479271
  0.02273987 0.02020339 0.02178965 0.01972352 0.01984946 0.0207016
  0.01824202 0.02110682 0.02035604 0.06125082 0.01818754 0.02163609
  0.01463966 0.01456709]
 [0.5171086  0.05255809 0.02091853 0.01973385 0.02441168 0.02064022
  0.02408918 0.01984634 0.02076664 0.02141454 0.02027907 0.01868004
  0.02150667 0.02135188 0.03198135 0.06564545 0.0238431  0.02747905
  0.01389851 0.01384718]
 [0.5314267  0.09356478 0.0224617  0.02167827 0.01995834 0.02163895
  0.02310391 0.02268681 0.02435053 0.02239584 0.0208621  0.03379206
  0.02464009 0.02071249 0.02327446 0.01532666 0.01465723 0.0143948
  0.01438816 0.01468606]
 [0.53303075 0.10919484 0.02127893 0.02073446 0.02053758 0.02363294
  0.0200868  0.01979961 0.02169864 0.02577589 0.02023156 0.01865417
  0.01922214 0.01975489 0.02061809 0.0234283  0.01931923 0.01325494
  0.01484984 0.01489644]
 [0.52898747 0.03592348 0.02320296 0.02153183 0.02057524 0.02351362
  0.02071335 0.02245165 0.02188826 0.02122459 0.02079592 0.02111913
  0.02414563 0.0203694  0.06118864 0.03881485 0.01886228 0.02584582
  0.01423889 0.01460704]]",0.9999932
AAAADIQWIPRWDFDYAAAA,0.9999396800994873,AAAAATERDHYGLDYAAAAA,[0.9990349],"[[0.5281412  0.03784165 0.02255244 0.02069174 0.02029264 0.02240987
  0.01926477 0.01872437 0.02260287 0.01999404 0.0184932  0.02074775
  0.02198052 0.02039365 0.02424934 0.07724376 0.04219287 0.01389488
  0.01424967 0.01403875]
 [0.48824945 0.04389578 0.02100411 0.01963013 0.01479468 0.01807587
  0.02007851 0.01941173 0.01905642 0.02135296 0.01796393 0.01869382
  0.01812947 0.01901947 0.0222452  0.1438902  0.03492733 0.01323106
  0.01331992 0.01302999]
 [0.472955   0.01022206 0.01831598 0.08368131 0.03486032 0.02765836
  0.01693234 0.02989056 0.03217295 0.03174908 0.04080119 0.02694102
  0.0214436  0.01342323 0.01816412 0.05079473 0.01731344 0.02861494
  0.01092869 0.01313714]
 [0.5887609  0.02717339 0.01784505 0.02235332 0.02189901 0.02228413
  0.02099201 0.02315296 0.02171524 0.02390025 0.02209123 0.02904933
  0.0229458  0.02437108 0.0210306  0.02157835 0.015242   0.02124596
  0.01612015 0.01624922]
 [0.48423117 0.03173839 0.03597573 0.02383018 0.02672737 0.02564721
  0.02544613 0.0310121  0.04227842 0.02747075 0.03275161 0.03188226
  0.03242372 0.05224867 0.02865972 0.01800269 0.01200587 0.01359755
  0.01194551 0.0121249 ]
 [0.01169276 0.01168552 0.0105226  0.01394038 0.00861458 0.01660281
  0.01444674 0.01589503 0.0158008  0.01636158 0.01736434 0.01659872
  0.01556098 0.0198591  0.01433089 0.0119175  0.7337353  0.01175632
  0.011691   0.01162303]
 [0.01541271 0.02430687 0.02192066 0.01920713 0.02139826 0.62144756
  0.0214967  0.02017497 0.02025184 0.02389969 0.02168371 0.02104949
  0.02234774 0.02399242 0.02443865 0.01543515 0.01536719 0.01529155
  0.01541309 0.01546454]
 [0.01145671 0.7620192  0.01521405 0.00972783 0.01327562 0.01121703
  0.01097419 0.0109987  0.01253114 0.01384157 0.01049349 0.01553498
  0.01533855 0.01582885 0.01226849 0.01259646 0.01226266 0.0114765
  0.01146244 0.01148152]
 [0.01498191 0.01814878 0.0221845  0.6307121  0.01825058 0.02022295
  0.01900938 0.02169492 0.02391757 0.01955302 0.02085096 0.01951199
  0.01813436 0.02322127 0.01977034 0.02545268 0.01803668 0.01601337
  0.01515333 0.01517932]
 [0.01760415 0.02052354 0.02726229 0.03064028 0.03392473 0.02420539
  0.05892764 0.0234484  0.5180208  0.02938779 0.02378208 0.03314611
  0.02917947 0.02189749 0.01894071 0.01874365 0.01760402 0.01752285
  0.01757238 0.01766622]
 [0.01249644 0.04109893 0.02130726 0.02170968 0.01900992 0.01904015
  0.01798225 0.02211842 0.01882076 0.01821472 0.02178806 0.02036959
  0.0218212  0.02051939 0.02495164 0.01715654 0.17757766 0.01373795
  0.45785862 0.01242089]
 [0.01249864 0.01307184 0.01631591 0.0126853  0.01660956 0.01801216
  0.016062   0.72009414 0.01661315 0.01676663 0.01707751 0.01188471
  0.01596297 0.01249618 0.02119781 0.0125197  0.01256726 0.0125863
  0.01245644 0.01252173]
 [0.0111096  0.01108372 0.01149296 0.13729084 0.0318187  0.06477439
  0.0239173  0.03205227 0.02796593 0.07316644 0.44999418 0.01512469
  0.01871623 0.01847816 0.02018002 0.00891791 0.01116175 0.01100178
  0.01095581 0.01079746]
 [0.01489212 0.01661467 0.04059214 0.6390538  0.01683811 0.01520435
  0.02127989 0.02165033 0.02163281 0.02084623 0.02145083 0.02104832
  0.01875788 0.0149727  0.01841823 0.01460219 0.01478499 0.01745717
  0.01499546 0.01490769]
 [0.01512462 0.05939718 0.02370961 0.02209521 0.01905944 0.02142113
  0.0284451  0.02249645 0.02213736 0.02703145 0.01958318 0.02408715
  0.0220873  0.02004072 0.02367822 0.03077187 0.01519337 0.01511529
  0.5531775  0.01534785]
 [0.5403866  0.05517807 0.02239796 0.02114838 0.02112206 0.02479219
  0.02273938 0.02020275 0.02178772 0.01972295 0.01984918 0.02070091
  0.01824101 0.02110631 0.0203553  0.06123532 0.01818818 0.02163775
  0.01464025 0.01456769]
 [0.517122   0.05254731 0.02091817 0.01973317 0.02441177 0.02063975
  0.02408914 0.0198458  0.02076607 0.02141369 0.02027843 0.0186794
  0.02150624 0.02135086 0.03197758 0.06563888 0.02384848 0.02748694
  0.0138989  0.01384742]
 [0.5314417  0.09355327 0.02246123 0.02167757 0.01995811 0.02163827
  0.02310355 0.0226863  0.02435046 0.02239736 0.02086111 0.03379369
  0.02463773 0.02071214 0.02327337 0.01532688 0.01465755 0.01439501
  0.01438844 0.01468635]
 [0.5330478  0.10918976 0.02127902 0.02073418 0.02053722 0.02363053
  0.0200861  0.01979906 0.02169699 0.02577261 0.02023096 0.01865349
  0.01922189 0.01975431 0.02061757 0.02342789 0.01931882 0.01325477
  0.01485033 0.01489671]
 [0.5289965  0.03591992 0.02320186 0.02153065 0.02057415 0.02351272
  0.02071239 0.02245092 0.02188731 0.0212237  0.0207947  0.02111811
  0.02414513 0.02036838 0.06120692 0.03880335 0.01886244 0.0258444
  0.01423925 0.01460712]]",0.9999932
AAAAATERDHYGLDYAAAAA,0.9999932050704956,AAAAATERDHYGLDYAAAAA,[0.9990345],"[[0.5281063  0.03783924 0.02255083 0.02069089 0.02029084 0.02240879
  0.0192619  0.0187234  0.02260163 0.0199926  0.01849193 0.02074625
  0.02197918 0.02039181 0.02424843 0.0773002  0.0421955  0.01389393
  0.01424869 0.01403765]
 [0.488254   0.04390822 0.02100392 0.0196305  0.01479663 0.0180755
  0.02007923 0.01941195 0.01905674 0.02135352 0.01796392 0.01869342
  0.01812964 0.01901862 0.02224645 0.14386956 0.03492703 0.01323111
  0.01332003 0.01303   ]
 [0.47294334 0.01022209 0.01831459 0.08369478 0.03486013 0.02765816
  0.01693218 0.02988747 0.03217318 0.03174876 0.04080348 0.02694647
  0.02144226 0.01342304 0.01816382 0.05079748 0.01730996 0.02861486
  0.01092775 0.01313625]
 [0.588759   0.02717406 0.01784338 0.02235288 0.02189895 0.02228503
  0.02099136 0.02315293 0.0217155  0.0238998  0.02209096 0.02905113
  0.0229458  0.024372   0.02103195 0.02157813 0.01524103 0.02124699
  0.01611998 0.01624914]
 [0.4842328  0.03173978 0.03597705 0.02382978 0.02672844 0.02564813
  0.02544616 0.03101128 0.04227938 0.02747161 0.03275195 0.03188191
  0.03242503 0.05223759 0.02866121 0.01800356 0.01200648 0.01359754
  0.01194552 0.01212488]
 [0.01169216 0.01168509 0.01052297 0.0139385  0.00862046 0.01660063
  0.0144451  0.01589297 0.01579947 0.0163597  0.01736284 0.01659669
  0.01555904 0.01985642 0.01432932 0.01191674 0.73375374 0.01175569
  0.01169023 0.01162222]
 [0.01541305 0.02431112 0.02192075 0.0192068  0.02139852 0.6214385
  0.02149703 0.02017357 0.02025462 0.02390016 0.02168377 0.0210488
  0.0223482  0.02399265 0.02443909 0.01543544 0.01536738 0.01529193
  0.01541347 0.01546523]
 [0.01145762 0.76200104 0.01521494 0.00972859 0.01327592 0.0112179
  0.01097478 0.01099979 0.01253145 0.01384302 0.01049542 0.01553608
  0.0153399  0.01582994 0.01226895 0.01259792 0.01226363 0.01147745
  0.01146343 0.01148227]
 [0.01498184 0.01814919 0.02218176 0.63071305 0.01825362 0.02022115
  0.0190102  0.02169348 0.02391797 0.01955229 0.02085086 0.0195114
  0.01813377 0.02321888 0.01976996 0.02545756 0.01803688 0.01601334
  0.01515348 0.01517931]
 [0.01760507 0.02052559 0.02726368 0.03064251 0.03392907 0.0242061
  0.05891736 0.02344894 0.51800025 0.02938903 0.02378301 0.03315138
  0.02918276 0.0219007  0.01894079 0.01874493 0.01760495 0.01752365
  0.01757322 0.01766704]
 [0.01249818 0.04110137 0.02131136 0.02171369 0.01901248 0.01904388
  0.01798539 0.02212192 0.01882385 0.0182176  0.02179077 0.02037314
  0.02182524 0.02052266 0.02495626 0.01715834 0.17745678 0.01374051
  0.45792395 0.01242274]
 [0.01250106 0.01307486 0.01631913 0.01268709 0.01661333 0.01801935
  0.01606563 0.7200285  0.0166167  0.01677199 0.01708091 0.01188909
  0.01596559 0.01249986 0.02120303 0.0125221  0.01256981 0.01258896
  0.01245885 0.01252416]
 [0.01111019 0.01108436 0.01149345 0.13727444 0.0318253  0.0647678
  0.02391926 0.03205855 0.02796957 0.07314745 0.45000756 0.01512768
  0.01871711 0.01847849 0.02018138 0.00891874 0.01116223 0.01100227
  0.01095627 0.01079792]
 [0.01489014 0.01661274 0.04057104 0.6391274  0.01683496 0.01520206
  0.02127586 0.021647   0.02162692 0.02084173 0.02144568 0.02104359
  0.01875824 0.01497138 0.01841293 0.01460064 0.01478305 0.01745532
  0.01499358 0.01490579]
 [0.01512468 0.05938169 0.02370972 0.02209536 0.01905735 0.02142102
  0.02844591 0.02249619 0.02213763 0.02703252 0.01958273 0.02408524
  0.02208776 0.02004027 0.0236792  0.03078488 0.01519343 0.01511529
  0.5531811  0.01534801]
 [0.54039794 0.05517022 0.02239789 0.0211489  0.02112295 0.0247933
  0.02274042 0.02020288 0.02178335 0.01972277 0.0198494  0.02070098
  0.01824055 0.02110632 0.02035508 0.06122705 0.01818996 0.02164163
  0.01464053 0.01456793]
 [0.51712555 0.05254097 0.02091766 0.01973218 0.02441225 0.02064003
  0.02409048 0.01984545 0.02076568 0.0214142  0.0202773  0.01867874
  0.02150627 0.02135025 0.03197533 0.06563056 0.02385242 0.02749856
  0.01389858 0.0138475 ]
 [0.5314501  0.09353623 0.0224617  0.02167793 0.01995814 0.02163905
  0.02310424 0.02268567 0.02435181 0.0224005  0.02086106 0.03379608
  0.02463488 0.02071357 0.02327363 0.01532745 0.01465779 0.01439514
  0.01438859 0.01468646]
 [0.5330509  0.1091919  0.02127664 0.02073393 0.02053776 0.02363128
  0.02008654 0.01979935 0.02169864 0.02576437 0.02023085 0.01865411
  0.01922077 0.01975437 0.0206182  0.02342842 0.01932011 0.01325492
  0.01485015 0.01489673]
 [0.5290033  0.03591733 0.02320142 0.02153143 0.02057428 0.02351325
  0.02071249 0.02245173 0.02188839 0.02122372 0.02079524 0.02111913
  0.02414503 0.02036927 0.06119461 0.03880246 0.01886378 0.0258464
  0.01423933 0.0146074 ]]",0.9999932
