old_seqs,old_predicted_y,new_seqs,STORM_predicted_y,optimized_pwm,orig_model_predicted_y
AAHPDWQGWAHGQYLLGYAA,1.0,AAHPDWQGWAHGQYLLGYAA,[0.9975516],"[[0.7678606  0.01139592 0.01120631 0.01105866 0.01077643 0.0105527
  0.01086769 0.01055117 0.01100504 0.01073935 0.01023001 0.01088368
  0.01095746 0.0110823  0.01069043 0.01079745 0.0117432  0.01906773
  0.0190961  0.01943787]
 [0.7537281  0.01104169 0.01077477 0.01039816 0.0181496  0.00988572
  0.01065299 0.01070939 0.0109784  0.01029649 0.0214301  0.01086422
  0.00960421 0.01029727 0.01081841 0.01127363 0.01080109 0.02006641
  0.01979667 0.01843262]
 [0.02848997 0.02839864 0.02869841 0.02999611 0.01535308 0.02948864
  0.03227468 0.02700633 0.51261294 0.01449535 0.01460726 0.03089475
  0.02545208 0.02876898 0.02959262 0.016818   0.03042698 0.0199483
  0.02838056 0.02829637]
 [0.0310553  0.0135051  0.0136545  0.0118999  0.0123894  0.01362536
  0.01352926 0.01338968 0.01389966 0.01474458 0.01336636 0.02839702
  0.01387255 0.01364239 0.64021885 0.01351725 0.02999    0.03301043
  0.0312014  0.031091  ]
 [0.03049073 0.02350524 0.01477079 0.6013513  0.01365038 0.01952091
  0.01305084 0.01374964 0.01458291 0.01470404 0.01448573 0.02692054
  0.01160931 0.01636242 0.01486784 0.03230904 0.03031732 0.03232072
  0.03081085 0.03061942]
 [0.01950624 0.01743944 0.02134172 0.01055277 0.01046608 0.0109599
  0.00910943 0.01069818 0.01122314 0.01044135 0.01067099 0.01071101
  0.00947442 0.01085726 0.01034896 0.01100653 0.0113408  0.75489557
  0.0192782  0.01967792]
 [0.01811389 0.01043522 0.01033104 0.01669839 0.00985296 0.01003586
  0.7496941  0.0105179  0.01023443 0.01011809 0.0102426  0.00983455
  0.0108774  0.01035043 0.01043912 0.01852901 0.0186036  0.01813827
  0.0185679  0.01838525]
 [0.01797388 0.01032117 0.01069419 0.01009464 0.01048343 0.01047506
  0.00811201 0.76505625 0.01047755 0.01029851 0.01005889 0.01048501
  0.01081969 0.01094796 0.01105296 0.01113303 0.01835084 0.01806349
  0.01751749 0.01758391]
 [0.01908913 0.01076217 0.0103276  0.01131407 0.02176363 0.01050613
  0.00845078 0.0103279  0.0103558  0.0090886  0.00911363 0.01470459
  0.01064669 0.01053209 0.01008702 0.01091684 0.01024435 0.7630507
  0.01925792 0.01946052]
 [0.7538162  0.01075839 0.01085845 0.01088008 0.01090758 0.0104385
  0.01098943 0.01106765 0.01056314 0.01070786 0.0108584  0.0110473
  0.01011625 0.02271771 0.00979005 0.01113249 0.01885662 0.01872602
  0.01862714 0.01714077]
 [0.04706116 0.05512783 0.0209803  0.01850043 0.01764871 0.01907122
  0.01921603 0.01899458 0.35585904 0.02091694 0.01840416 0.02048976
  0.04587379 0.04202338 0.04337063 0.03253863 0.06158565 0.04650492
  0.04796445 0.04786837]
 [0.03768442 0.04250177 0.01646829 0.0281417  0.01877835 0.01805273
  0.01568139 0.5283557  0.01503883 0.0159252  0.01544838 0.01093071
  0.01629611 0.01597667 0.01459376 0.03768942 0.03818786 0.03726567
  0.03853059 0.03845237]
 [0.03496615 0.03514828 0.03467026 0.01649532 0.01647579 0.01618641
  0.5464179  0.01650568 0.01617184 0.01671823 0.0278345  0.01499931
  0.01152853 0.01441328 0.01546381 0.02557342 0.03512192 0.03492209
  0.03518843 0.03519891]
 [0.01935094 0.01081462 0.01135857 0.01015509 0.01083443 0.01091486
  0.01059843 0.01077501 0.01079482 0.01095261 0.01096296 0.01082581
  0.01070327 0.01091166 0.01087719 0.02114722 0.01957433 0.01147707
  0.7576474  0.01932383]
 [0.02048108 0.01135456 0.01066897 0.01042014 0.01040863 0.01044954
  0.01112564 0.01085862 0.01049755 0.01092322 0.74754715 0.01016529
  0.01082951 0.01081621 0.0108267  0.01058384 0.02039194 0.02064805
  0.02047678 0.02052656]
 [0.03433498 0.03659249 0.02987724 0.01655299 0.02835959 0.02921936
  0.02907391 0.01630271 0.03208094 0.02972515 0.4753339  0.01740091
  0.01667389 0.01650011 0.03125606 0.01833373 0.03630829 0.03757177
  0.03420507 0.03429687]
 [0.02894611 0.01525594 0.01315312 0.01322452 0.01301758 0.01360585
  0.01526655 0.6565024  0.01522293 0.01364713 0.01606387 0.01687461
  0.01301467 0.0130795  0.01479189 0.01496065 0.02978033 0.02503226
  0.02921837 0.02934165]
 [0.01631024 0.01133094 0.01065633 0.01100536 0.01058544 0.01104002
  0.01108808 0.01111157 0.01014939 0.01039812 0.01103681 0.01102776
  0.01076093 0.01036374 0.01116628 0.00788093 0.01932686 0.01902645
  0.76682854 0.01890625]
 [0.7649958  0.01124211 0.010666   0.01055336 0.01077499 0.00968745
  0.0108256  0.01102571 0.01068815 0.0106652  0.01100888 0.01106243
  0.01103392 0.01125879 0.0103973  0.0108939  0.01055318 0.02251439
  0.02011826 0.02003456]
 [0.7745825  0.0112655  0.01149618 0.01109639 0.0107507  0.01128806
  0.01119193 0.01114207 0.01021776 0.01098882 0.01075912 0.01085615
  0.01099588 0.01145002 0.01094105 0.01151016 0.01074198 0.01036927
  0.01987625 0.01848022]]",1.0
AAADSGQWYSHHHAFDYAAA,0.3201720118522644,AAHPDWQGWAHGQYLLGYAA,[0.997551],"[[0.7678646  0.01139568 0.01120556 0.01105784 0.01077568 0.01055275
  0.01086761 0.01055138 0.01100501 0.01073935 0.01022987 0.01088357
  0.01095661 0.01108221 0.01069095 0.01079793 0.0117428  0.01906733
  0.01909564 0.01943767]
 [0.7537238  0.01104188 0.01077551 0.01039894 0.01815457 0.00988592
  0.01065328 0.0107096  0.01097814 0.01029721 0.02142859 0.01086422
  0.00960411 0.01029782 0.01081795 0.0112729  0.01080179 0.02006522
  0.01979581 0.01843275]
 [0.02849119 0.02840012 0.02869956 0.02999549 0.01535477 0.02948953
  0.03227196 0.02700814 0.5125997  0.01449417 0.01460677 0.03089197
  0.02545274 0.02877216 0.02959551 0.01681557 0.03042777 0.01994731
  0.02838533 0.02830011]
 [0.03105352 0.01350684 0.0136545  0.01189691 0.01238746 0.01362592
  0.0135308  0.01338994 0.01389831 0.01474318 0.01336771 0.02839772
  0.01387128 0.01364242 0.64023125 0.01351783 0.02998868 0.03300765
  0.03119919 0.03108888]
 [0.03049338 0.02350403 0.01477112 0.6013369  0.01364925 0.01952134
  0.01305124 0.01375074 0.01458238 0.01470454 0.0144863  0.02692048
  0.01160999 0.01636126 0.01486618 0.03231128 0.03032026 0.03232373
  0.03081344 0.03062212]
 [0.01950561 0.01745599 0.02134059 0.01055253 0.01046668 0.01095847
  0.00911003 0.01069922 0.01122407 0.01044167 0.01067204 0.01071193
  0.00947539 0.01085792 0.01034877 0.0110056  0.01134191 0.7548774
  0.01927735 0.019677  ]
 [0.01811592 0.01043605 0.01033175 0.01669939 0.00985456 0.01003748
  0.7496698  0.0105186  0.01023532 0.01011892 0.01024264 0.00983598
  0.01087764 0.01035103 0.01043935 0.01853143 0.01860598 0.01814023
  0.01857037 0.01838749]
 [0.01797429 0.01032105 0.01069559 0.01009584 0.01048397 0.01047585
  0.00811129 0.765023   0.01047883 0.01029981 0.01005916 0.01048639
  0.01082105 0.0109496  0.01105452 0.01113422 0.01836983 0.01806377
  0.01751774 0.01758414]
 [0.01908998 0.01076206 0.01032745 0.01131391 0.02176182 0.01050607
  0.00845291 0.01032812 0.0103551  0.0090898  0.00911431 0.01470313
  0.01064504 0.01053235 0.01008749 0.01091675 0.01024487 0.76304865
  0.01925883 0.01946137]
 [0.75381875 0.01075774 0.01085849 0.01087988 0.01090729 0.01043845
  0.01098848 0.01106713 0.01056293 0.01070789 0.01085838 0.01104683
  0.01011727 0.02271571 0.00979037 0.011132   0.01885696 0.01872612
  0.01862753 0.01714186]
 [0.0470622  0.05513145 0.02097904 0.01849915 0.01764835 0.01907069
  0.01921543 0.01899414 0.35587347 0.02091611 0.01840412 0.02048741
  0.04587286 0.04201581 0.043368   0.03253822 0.06158377 0.04650586
  0.04796452 0.04786933]
 [0.03767579 0.04250745 0.01646633 0.0281396  0.01877677 0.01805174
  0.01567773 0.5284285  0.01504082 0.01592105 0.01544795 0.01093271
  0.01629643 0.01597626 0.01459069 0.03767791 0.03817577 0.03725453
  0.03852184 0.0384401 ]
 [0.03497451 0.03515634 0.03467784 0.01649702 0.01647755 0.01618815
  0.5463378  0.01650754 0.01617335 0.0167194  0.02783801 0.01500078
  0.01152886 0.0144161  0.01546506 0.02557729 0.03513012 0.03493043
  0.03519674 0.03520729]
 [0.01935074 0.01081437 0.01135966 0.01015536 0.01083418 0.01091596
  0.01059948 0.01077622 0.01079449 0.01095402 0.01096383 0.01082662
  0.01070443 0.01091157 0.01087841 0.02114629 0.01957428 0.0114764
  0.7576402  0.01932351]
 [0.02048084 0.01135363 0.01066911 0.01042039 0.01040896 0.0104498
  0.01112532 0.01085831 0.01049782 0.01092255 0.74755186 0.01016506
  0.01082901 0.01081639 0.01082678 0.01058213 0.02039166 0.02064767
  0.0204764  0.02052631]
 [0.03433805 0.03659741 0.02988845 0.01655301 0.02836275 0.02922111
  0.02907477 0.0163025  0.03208536 0.02973137 0.47528514 0.01740136
  0.01667505 0.01649882 0.03125742 0.01833438 0.03631145 0.03757386
  0.03420764 0.03430006]
 [0.0289458  0.01525911 0.01315343 0.01322487 0.01301887 0.01360618
  0.0152711  0.65647334 0.01522669 0.01364733 0.01606489 0.01688086
  0.01301521 0.01308095 0.01479465 0.01496337 0.02977804 0.02503669
  0.02921786 0.0293408 ]
 [0.01631648 0.01133064 0.01065721 0.01100642 0.01059494 0.01104055
  0.01108884 0.01111284 0.01015003 0.01039867 0.0110375  0.01102879
  0.01076166 0.01036428 0.01116691 0.0078737  0.01932688 0.01902727
  0.7668099  0.01890649]
 [0.76499677 0.01124167 0.0106665  0.01055308 0.01077536 0.00968818
  0.01082548 0.01102451 0.0106885  0.01066529 0.01100893 0.01106225
  0.01103362 0.01125829 0.01039764 0.01089393 0.01055309 0.02251548
  0.02011749 0.02003401]
 [0.7745878  0.01126526 0.01149573 0.01109628 0.01075045 0.01128786
  0.01119131 0.01114204 0.01021799 0.01098837 0.01075936 0.01085573
  0.01099536 0.01144936 0.01094081 0.01150967 0.01074071 0.0103696
  0.01987631 0.01847988]]",1.0
AARGVHEGSYCEIKGFDYAA,0.999997615814209,AAHPDWQGWAHGQYLLGYAA,[0.9975533],"[[0.76787406 0.01139443 0.01120511 0.0110582  0.01077617 0.01055083
  0.01086577 0.01054861 0.01100358 0.0107374  0.01022989 0.01088195
  0.01095752 0.0110809  0.01069055 0.01079778 0.01174264 0.01906876
  0.01909696 0.0194389 ]
 [0.7537501  0.01104278 0.01077355 0.01039584 0.01812799 0.00988335
  0.01065047 0.01070999 0.01097699 0.0102946  0.02143684 0.01086267
  0.0096026  0.01029453 0.01081717 0.01127298 0.01080094 0.02007139
  0.01980101 0.01843426]
 [0.0284887  0.02839673 0.02869729 0.03000022 0.01534753 0.02948877
  0.03227351 0.02700295 0.5126446  0.01448008 0.01460907 0.03090549
  0.02545128 0.02876287 0.02958508 0.01681915 0.0304255  0.01994789
  0.02837877 0.02829454]
 [0.03105471 0.01350303 0.01365449 0.0119035  0.01239455 0.0136255
  0.01352139 0.01338718 0.01389894 0.0147407  0.01336468 0.02839076
  0.01386982 0.01364056 0.6402373  0.0135171  0.0299878  0.03301393
  0.03120224 0.03109189]
 [0.03047837 0.02350575 0.01476892 0.6014688  0.01365287 0.01949205
  0.01304759 0.01374422 0.01458366 0.01470131 0.01448209 0.0269132
  0.0116034  0.01636375 0.01487437 0.03230225 0.03030712 0.03230664
  0.03079684 0.03060688]
 [0.01950691 0.01743296 0.02134571 0.01055287 0.01046565 0.01096239
  0.00910502 0.01069741 0.01122361 0.01043952 0.0106699  0.01070976
  0.00946691 0.01085666 0.01034832 0.01100726 0.01134073 0.75490844
  0.01927921 0.01968086]
 [0.01810574 0.01043115 0.01032724 0.01669249 0.00984612 0.01002848
  0.74980235 0.01051469 0.01023009 0.01011332 0.01024126 0.00982806
  0.0108756  0.01034711 0.01043708 0.01851973 0.01859433 0.01813013
  0.01855852 0.01837651]
 [0.01797306 0.01032021 0.01069357 0.01009025 0.01048113 0.0104723
  0.00810935 0.7651132  0.01047564 0.0102959  0.01005687 0.01048255
  0.01081817 0.01094723 0.01105275 0.01113254 0.0183211  0.01806259
  0.01751764 0.01758397]
 [0.01908434 0.01075849 0.01032379 0.01131152 0.02176736 0.01050309
  0.00844503 0.01032571 0.01035354 0.00908149 0.00910856 0.01470482
  0.01064919 0.01052982 0.01008231 0.01091585 0.0102395  0.7631066
  0.01925323 0.01945573]
 [0.7538179  0.0107591  0.01085809 0.01087966 0.01090754 0.01043733
  0.01099052 0.01106772 0.01056238 0.01070706 0.0108573  0.01104796
  0.01011267 0.02272444 0.00978688 0.01113368 0.01885659 0.01872651
  0.01862706 0.01713967]
 [0.04706317 0.05513141 0.0209833  0.01850296 0.01764714 0.01907149
  0.01921629 0.01899465 0.35577813 0.02091843 0.01840244 0.02048881
  0.04586719 0.04205116 0.04337507 0.03254084 0.06161982 0.04650639
  0.04796919 0.04787219]
 [0.03767661 0.04257294 0.01647346 0.02814168 0.01877619 0.01805016
  0.01568468 0.5283169  0.01504084 0.0159305  0.01544646 0.01093075
  0.01629504 0.01597437 0.01458886 0.03768313 0.03818328 0.03725896
  0.03852635 0.03844885]
 [0.03494012 0.03512223 0.03464773 0.01648897 0.01646966 0.0161798
  0.54666424 0.01649906 0.01616605 0.01671408 0.02782447 0.01499589
  0.01152854 0.01440165 0.01545862 0.02556921 0.03509605 0.03489656
  0.03516309 0.03517396]
 [0.01935127 0.01081476 0.01135912 0.01015303 0.01083471 0.01091475
  0.01059716 0.01077367 0.01079537 0.01095254 0.01096196 0.01082544
  0.01070225 0.01091209 0.01087665 0.02114922 0.0195744  0.0114786
  0.7576484  0.01932461]
 [0.02048168 0.01135582 0.01066751 0.01041816 0.01040662 0.010448
  0.01112616 0.01085896 0.0104958  0.01092507 0.74754655 0.0101647
  0.01083047 0.01081528 0.01082577 0.01058577 0.02039251 0.0206496
  0.02047808 0.02052743]
 [0.03432282 0.03658166 0.02990595 0.01655268 0.02834645 0.02921339
  0.02906259 0.0163028  0.03206925 0.02970899 0.47542414 0.01739958
  0.01667107 0.01650361 0.03125021 0.01833091 0.03630356 0.03757029
  0.03419455 0.03428555]
 [0.0289521  0.01524519 0.01314965 0.01322154 0.01301425 0.01360472
  0.01524877 0.65657675 0.0152092  0.0136462  0.01606021 0.01685331
  0.01301164 0.01307609 0.01478271 0.014951   0.02979647 0.02502489
  0.02922642 0.02934885]
 [0.01630555 0.01132985 0.01065558 0.01100519 0.01058039 0.01104174
  0.01108844 0.01111177 0.01014562 0.01039496 0.01103676 0.01102701
  0.01075855 0.01036092 0.01116644 0.00790802 0.01932918 0.01902745
  0.7668197  0.01890682]
 [0.765019   0.01124114 0.01066302 0.01055234 0.0107722  0.00968379
  0.01082385 0.01102738 0.01068504 0.0106631  0.01100714 0.01106105
  0.01103348 0.01125792 0.01039388 0.01089201 0.0105516  0.02251395
  0.02012102 0.02003704]
 [0.77458405 0.01126554 0.01149707 0.01109539 0.01074991 0.01128821
  0.01119366 0.01114151 0.01021544 0.01098963 0.01075727 0.01085663
  0.01099512 0.01145101 0.01093983 0.01150998 0.01074662 0.01036626
  0.01987574 0.01848112]]",1.0
AAWIDKFEYRRDISYFDYAA,0.21102838218212128,AAHPDWQGWAHGQYLLGYAA,[0.99755186],"[[0.7678719  0.01139461 0.01120484 0.01105791 0.01077617 0.01055114
  0.01086622 0.01054951 0.01100376 0.010738   0.01023014 0.01088205
  0.01095717 0.01108099 0.0106907  0.01079797 0.01174259 0.01906854
  0.01909691 0.0194389 ]
 [0.7537388  0.01104263 0.01077425 0.01039682 0.01813903 0.00988449
  0.01065134 0.01071002 0.01097721 0.0102955  0.02143504 0.01086319
  0.00960355 0.01029555 0.01081744 0.01127314 0.01080114 0.02006912
  0.01979892 0.01843281]
 [0.02848912 0.0283973  0.02869758 0.02999904 0.01535022 0.02948819
  0.03226804 0.02700444 0.5126428  0.014477   0.01460853 0.03090334
  0.02545142 0.02876432 0.02958855 0.01682163 0.0304244  0.01994966
  0.02837935 0.02829505]
 [0.03105664 0.01350385 0.0136545  0.01190364 0.01239462 0.01362579
  0.01352536 0.01338917 0.01389928 0.01474187 0.01336637 0.02839279
  0.0138709  0.01364144 0.6402163  0.01351761 0.02999005 0.03301381
  0.03120355 0.03109245]
 [0.03048391 0.02350611 0.01477016 0.6014227  0.01365223 0.01949902
  0.0130491  0.01374646 0.01458368 0.01470232 0.01448376 0.02691728
  0.0116058  0.01636384 0.01487223 0.03230418 0.03031103 0.03230917
  0.03080374 0.03061321]
 [0.01950687 0.0174376  0.02134501 0.01055302 0.0104661  0.01096188
  0.00910683 0.01069773 0.01122367 0.01044031 0.01067023 0.01071026
  0.00946911 0.01085688 0.0103487  0.01100718 0.01134091 0.7548988
  0.01927893 0.0196799 ]
 [0.01810819 0.01043237 0.01032863 0.0166948  0.00984852 0.01003119
  0.74976623 0.01051565 0.01023172 0.0101154  0.01024177 0.00983039
  0.01087617 0.0103484  0.01043798 0.01852242 0.01859709 0.01813256
  0.01856128 0.01837925]
 [0.01797339 0.01032078 0.01069357 0.010092   0.01048214 0.01047326
  0.00811077 0.7650896  0.01047657 0.01029694 0.01005792 0.01048371
  0.01081893 0.01094774 0.01105305 0.01113301 0.01833171 0.01806306
  0.01751771 0.01758408]
 [0.01908709 0.01076182 0.01032688 0.01131454 0.02177021 0.01050577
  0.0084441  0.01032737 0.01035686 0.00908477 0.00911086 0.01470643
  0.01065008 0.01053141 0.01008538 0.01091641 0.01024111 0.7630646
  0.01925587 0.01945836]
 [0.75381535 0.01075905 0.01085828 0.01087997 0.01090792 0.01043801
  0.01099039 0.01106805 0.01056297 0.01070734 0.01085794 0.01104774
  0.01011423 0.02272303 0.00978851 0.01113334 0.01885624 0.01872597
  0.01862667 0.01713905]
 [0.04706249 0.05511862 0.02098262 0.01850123 0.01764841 0.01907177
  0.01921675 0.01899505 0.35580918 0.02091865 0.01840361 0.02048771
  0.04587769 0.04204619 0.04337838 0.03254072 0.06159817 0.04650574
  0.04796735 0.04786965]
 [0.03767916 0.04255493 0.01647169 0.02814193 0.01877845 0.01805073
  0.01568359 0.52833194 0.01504044 0.01592906 0.01544692 0.01093047
  0.01629524 0.01597481 0.01459039 0.03768288 0.03818268 0.03725914
  0.0385282  0.03844738]
 [0.03494745 0.03512943 0.034654   0.01649109 0.0164718  0.01618194
  0.54658467 0.01650133 0.016168   0.01671558 0.02782751 0.01499802
  0.01152921 0.01440594 0.0154607  0.02557124 0.03510445 0.03490398
  0.0351716  0.0351821 ]
 [0.01935091 0.01081483 0.01135918 0.01015405 0.0108349  0.01091482
  0.01059778 0.01077428 0.01079547 0.01095313 0.01096266 0.01082599
  0.01070283 0.01091201 0.01087726 0.02114856 0.01957444 0.01147798
  0.75764483 0.01932406]
 [0.02048117 0.01135511 0.01066807 0.01041885 0.0104076  0.01044888
  0.01112589 0.0108592  0.0104964  0.01092455 0.7475485  0.01016519
  0.01083007 0.01081546 0.01082608 0.01058379 0.02039213 0.02064883
  0.02047737 0.02052686]
 [0.03433031 0.03658382 0.0298641  0.01655317 0.02834765 0.02921568
  0.02906672 0.0163029  0.03207292 0.02971333 0.47542426 0.0174002
  0.01667161 0.01650287 0.03125201 0.01833194 0.03630451 0.03756954
  0.0342002  0.03429219]
 [0.02894844 0.01524849 0.01315071 0.01322244 0.01301537 0.01360517
  0.01525558 0.6565633  0.01521414 0.01364651 0.0160605  0.0168604
  0.01301201 0.01307602 0.0147854  0.01495403 0.02978879 0.02502616
  0.02922194 0.02934457]
 [0.01630718 0.01133001 0.01065589 0.01100519 0.0105822  0.01104143
  0.01108827 0.01111163 0.01014734 0.01039627 0.01103675 0.01102749
  0.01075967 0.01036202 0.0111663  0.00790152 0.01932823 0.01902722
  0.76681876 0.01890667]
 [0.7650135  0.01124114 0.01066384 0.0105527  0.01077321 0.00968532
  0.01082412 0.011027   0.01068614 0.01066366 0.01100778 0.01106094
  0.01103308 0.01125759 0.01039526 0.01089218 0.01055223 0.02251361
  0.02012026 0.02003641]
 [0.77457947 0.01126549 0.01149704 0.01109644 0.01074999 0.01128809
  0.01119316 0.01114167 0.0102165  0.01098942 0.01075821 0.01085668
  0.01099571 0.01145084 0.01094124 0.01151098 0.01074453 0.01036748
  0.01987613 0.01848097]]",1.0
AAGKRWSRRYGDRLSFDYAA,0.9980243444442749,AAHPDWQGWAHGQYLLGYAA,[0.99755067],"[[0.7678654  0.01139519 0.01120551 0.01105748 0.01077546 0.010553
  0.0108677  0.0105517  0.01100513 0.01073947 0.01023077 0.01088363
  0.01095607 0.01108239 0.01069101 0.0107978  0.01174265 0.01906698
  0.01909532 0.0194374 ]
 [0.7537224  0.01104165 0.01077575 0.01039931 0.01815809 0.00988637
  0.01065363 0.01070943 0.01097805 0.01029748 0.02142711 0.01086436
  0.00960417 0.01029845 0.01081754 0.01127279 0.01080173 0.02006422
  0.01979499 0.01843243]
 [0.02849548 0.02840318 0.02870036 0.0299948  0.01535622 0.02949038
  0.03226987 0.02700938 0.5125902  0.01449411 0.01460642 0.03088934
  0.02545317 0.02877411 0.0295974  0.016814   0.03042785 0.01994698
  0.02838593 0.02830078]
 [0.03105555 0.01350746 0.0136545  0.01190222 0.01238665 0.01362606
  0.01353341 0.01339047 0.01389823 0.01474386 0.01336878 0.02839561
  0.01387186 0.01364274 0.6402123  0.01351793 0.02999128 0.0330091
  0.03120122 0.03109083]
 [0.03049538 0.02350308 0.01477128 0.60132587 0.01364857 0.01952301
  0.01305157 0.0137518  0.01458209 0.01470494 0.01448687 0.02692008
  0.01161089 0.01636027 0.01486461 0.03231274 0.03032225 0.03232552
  0.03081536 0.03062388]
 [0.01950513 0.01745969 0.02133992 0.01055354 0.01046668 0.01095985
  0.00911087 0.01069948 0.01122398 0.01044257 0.0106723  0.01071222
  0.00947649 0.0108581  0.0103488  0.01100526 0.01134193 0.75487024
  0.01927679 0.01967619]
 [0.01811597 0.01043734 0.01033295 0.01669939 0.0098558  0.01003945
  0.7496549  0.0105199  0.01023659 0.01012013 0.01024152 0.00983695
  0.01087917 0.01035245 0.01044147 0.01853159 0.01860614 0.0181403
  0.01857045 0.01838758]
 [0.01797496 0.0103209  0.01069592 0.01009687 0.01048519 0.01047696
  0.00811127 0.7650043  0.01047892 0.0103004  0.01006068 0.010487
  0.01082143 0.01094977 0.01105418 0.01113432 0.01837967 0.01806437
  0.01751815 0.01758472]
 [0.01909072 0.0107619  0.01032771 0.01131402 0.02176016 0.01050628
  0.00845448 0.01032853 0.01035446 0.00909098 0.00911508 0.01470221
  0.01064352 0.01053271 0.01008813 0.01091694 0.0102455  0.76304495
  0.01925966 0.01946204]
 [0.753805   0.01075719 0.01085991 0.01088095 0.01090878 0.01043878
  0.01098984 0.01106847 0.01056418 0.01070916 0.01085978 0.01104833
  0.01011821 0.02271511 0.009791   0.01113135 0.01885653 0.0187256
  0.01862699 0.01714478]
 [0.04706357 0.05513493 0.02097861 0.01849819 0.01764871 0.01907077
  0.01921542 0.01899421 0.3558721  0.02091591 0.01840449 0.02048676
  0.04587309 0.04201377 0.04336723 0.03253837 0.06158098 0.04650687
  0.0479653  0.04787069]
 [0.03767129 0.0425198  0.01646852 0.02813752 0.01877625 0.01805055
  0.0156839  0.5284447  0.01503803 0.01592404 0.01544627 0.01093366
  0.01629428 0.01597466 0.01459202 0.03767292 0.03817049 0.03724986
  0.03851676 0.03843452]
 [0.03498188 0.03516367 0.03468411 0.01649889 0.01647941 0.01618997
  0.5462648  0.01650945 0.01617504 0.01672083 0.02784145 0.01500233
  0.01152956 0.01441884 0.0154665  0.0255796  0.03513738 0.03493783
  0.0352041  0.03521441]
 [0.01935052 0.01081515 0.01135951 0.0101557  0.01083542 0.01091566
  0.01059979 0.01077612 0.01079595 0.01095421 0.01096405 0.01082671
  0.01070455 0.01091239 0.01087859 0.02114565 0.01957408 0.01147771
  0.757635   0.01932325]
 [0.02048105 0.01135353 0.01066953 0.0104211  0.01040955 0.01045025
  0.01112714 0.01085842 0.01049843 0.01092227 0.7475488  0.01016508
  0.01082888 0.0108177  0.01082721 0.01057884 0.02039171 0.02064769
  0.02047634 0.02052639]
 [0.03434031 0.03660056 0.02989308 0.01655222 0.02836551 0.02922349
  0.02907885 0.01630251 0.03208918 0.02973672 0.47524655 0.01740231
  0.0166759  0.01649773 0.03125877 0.01833585 0.03631325 0.0375746
  0.03420997 0.03430264]
 [0.02894158 0.01526003 0.01315466 0.0132245  0.01301954 0.01360672
  0.01527405 0.6564668  0.01522902 0.01364743 0.01606702 0.01688544
  0.01301667 0.01308111 0.01479576 0.01496446 0.02977449 0.02504062
  0.02921368 0.02933651]
 [0.01631751 0.01133016 0.01065728 0.01100606 0.01059635 0.01104009
  0.01108872 0.01111281 0.0101507  0.01039947 0.01103758 0.01102886
  0.01076223 0.01036511 0.01116687 0.00787266 0.01932621 0.01902703
  0.7668079  0.01890633]
 [0.76499546 0.01124149 0.01066706 0.01055303 0.01077531 0.00968889
  0.0108257  0.01102418 0.01068864 0.01066544 0.01100913 0.01106229
  0.01103353 0.01125807 0.01039819 0.01089378 0.01055328 0.02251592
  0.02011699 0.02003364]
 [0.7745894  0.01126526 0.01149557 0.01109628 0.01075042 0.01128782
  0.0111909  0.01114216 0.01021829 0.01098816 0.01075967 0.01085554
  0.01099543 0.01144908 0.01094073 0.01150937 0.01073978 0.01037009
  0.0198764  0.01847955]]",1.0
