old_seqs,old_predicted_y,new_seqs,STORM_predicted_y,optimized_pwm,orig_model_predicted_y
AAAAHRYVETSSKFDYAAAA,0.0368444100022316,AAYLSPYGLHELTTYFDYAA,[0.9964863],"[[0.8616259  0.00734888 0.00736069 0.00685034 0.00776921 0.00746652
  0.00733121 0.00775831 0.00713093 0.00786153 0.00760101 0.00735797
  0.00652028 0.00811972 0.00712324 0.00681219 0.00444075 0.00807391
  0.00715267 0.00829487]
 [0.8544089  0.00809643 0.01136665 0.00773294 0.00843556 0.0078983
  0.00813746 0.00857    0.00789351 0.00752862 0.00788514 0.00891212
  0.00643761 0.00817148 0.00556553 0.00699396 0.00704341 0.00531469
  0.00675716 0.00685043]
 [0.0056257  0.00605073 0.00456545 0.0047133  0.00534178 0.00542156
  0.00546596 0.00544577 0.00555418 0.00555434 0.00541415 0.0056725
  0.00581819 0.00481523 0.00523651 0.00477862 0.00586523 0.00500221
  0.8976815  0.00597711]
 [0.18049218 0.00592307 0.00716321 0.00584996 0.0056956  0.01526775
  0.00524776 0.00715775 0.02724976 0.02842681 0.6398399  0.01826728
  0.0174291  0.00583549 0.0042546  0.00480125 0.00542501 0.00468548
  0.00654816 0.00443992]
 [0.00555137 0.00554513 0.00542368 0.00543322 0.00556538 0.00516941
  0.00553497 0.00531825 0.00561368 0.00533335 0.00539554 0.00541573
  0.00515256 0.00491467 0.00549865 0.8968992  0.00576011 0.00560063
  0.00567295 0.00520149]
 [0.00611084 0.00629767 0.00662411 0.00612003 0.0062404  0.00696491
  0.00576217 0.00625516 0.00647104 0.00642405 0.00639203 0.00509719
  0.00642093 0.00569872 0.88041425 0.00835189 0.00668412 0.00612667
  0.0055463  0.00599753]
 [0.00537146 0.00546837 0.00520968 0.00560311 0.00540916 0.00550254
  0.00473572 0.00501371 0.00448568 0.00567314 0.00480715 0.00525861
  0.00549853 0.00534565 0.00499818 0.00533213 0.00565453 0.00572143
  0.9009331  0.00397812]
 [0.00920993 0.00859021 0.01435401 0.00734873 0.01238817 0.00486548
  0.01389515 0.7495424  0.10623565 0.0022871  0.00326498 0.02428047
  0.00425899 0.01613464 0.00392833 0.00410817 0.00310016 0.00372557
  0.00427524 0.00420657]
 [0.04551101 0.10873932 0.07081661 0.01773433 0.03947575 0.03168122
  0.0899238  0.06953727 0.01554733 0.00507153 0.4419461  0.00540571
  0.00871918 0.00412831 0.0166216  0.00650744 0.00399616 0.00454707
  0.00805773 0.00603247]
 [0.00511958 0.00567054 0.00325046 0.00635541 0.00335025 0.00455464
  0.00670613 0.00629896 0.89199704 0.00592164 0.00663471 0.00593335
  0.01128866 0.00594362 0.0056847  0.00427263 0.00354848 0.00499087
  0.00638151 0.00609671]
 [0.00461001 0.00409314 0.00527596 0.00559401 0.00472988 0.90212184
  0.00298267 0.00577183 0.00591662 0.00577293 0.00558687 0.00697969
  0.00513255 0.00385464 0.00429842 0.00604802 0.00424824 0.00597566
  0.00548721 0.00551976]
 [0.00393125 0.00385723 0.00316626 0.00433263 0.00470312 0.00405897
  0.00846238 0.00424134 0.0050651  0.00320968 0.8982411  0.00409245
  0.00423556 0.00540858 0.00906428 0.00717482 0.00461885 0.00548878
  0.0043387  0.01230901]
 [0.00623298 0.0061902  0.00599626 0.00565295 0.0051325  0.00611681
  0.00301243 0.00661468 0.00476873 0.00489566 0.00555478 0.00576835
  0.00605822 0.00630325 0.00629192 0.00534495 0.8903467  0.00667041
  0.006747   0.00630125]
 [0.00700978 0.00697168 0.00713096 0.00672733 0.00672501 0.0067831
  0.00670461 0.00684339 0.00720407 0.00715896 0.00650295 0.00728594
  0.0069463  0.00768768 0.00719991 0.00657166 0.8719252  0.00254974
  0.00705443 0.00701732]
 [0.0063821  0.00682373 0.00636272 0.00652823 0.00650846 0.00645042
  0.00621464 0.006095   0.00641474 0.0069609  0.00663889 0.00654152
  0.00723277 0.00722418 0.00640568 0.00611941 0.00611327 0.00619016
  0.8757651  0.00702802]
 [0.02750509 0.00936634 0.01340842 0.01786016 0.0142841  0.01027221
  0.00986461 0.00803327 0.0165945  0.00577053 0.02242665 0.00885438
  0.03803172 0.7521508  0.00476543 0.00745552 0.00746928 0.01419147
  0.00753334 0.00416219]
 [0.01332385 0.00702395 0.0086374  0.47557265 0.00701269 0.01875447
  0.02681481 0.02896435 0.02463821 0.02568629 0.02381644 0.02609622
  0.02363973 0.22848397 0.00733137 0.00633249 0.00527121 0.00741754
  0.0098041  0.02537816]
 [0.00816609 0.00567733 0.00709817 0.00836102 0.00688148 0.00780509
  0.00781087 0.00791947 0.00802268 0.00804112 0.00802385 0.00804311
  0.00814509 0.00798037 0.00849882 0.00832393 0.00792038 0.00772329
  0.8512987  0.0082592 ]
 [0.5459273  0.01623636 0.00614475 0.02432893 0.01195463 0.02299634
  0.01918394 0.01774304 0.02064679 0.02113928 0.02113396 0.0203329
  0.02047746 0.0090379  0.04430348 0.03610629 0.05216379 0.00928387
  0.03598198 0.04487707]
 [0.59591085 0.00749351 0.00904568 0.01956054 0.02448497 0.02248274
  0.02432097 0.02584146 0.02334125 0.02351411 0.02377545 0.02357209
  0.02320137 0.02950697 0.01266406 0.03175888 0.00870459 0.0058207
  0.03483435 0.03016549]]",0.3112074
AAEPDYLRLDHIPGYFDYAA,0.1312226802110672,AAYLSPYGLHELTTYFDYAA,[0.9964851],"[[0.8616281  0.00734905 0.00736089 0.00685029 0.00776902 0.00746668
  0.00732946 0.00775846 0.00713105 0.00786092 0.00760077 0.00735797
  0.00651997 0.00811986 0.0071236  0.00681175 0.00444071 0.00807405
  0.00715269 0.00829476]
 [0.85441196 0.00809656 0.0113665  0.00773276 0.00843535 0.00789821
  0.00813761 0.00857015 0.00789323 0.00752835 0.00788479 0.00891179
  0.00643684 0.00817149 0.0055646  0.00699449 0.00704374 0.00531392
  0.00675758 0.00685009]
 [0.00562542 0.00605018 0.00456584 0.00471367 0.00534187 0.00542137
  0.00546605 0.0054452  0.00555413 0.00555415 0.00541439 0.00567255
  0.00581761 0.00481507 0.00523683 0.00477914 0.00586554 0.00500234
  0.8976812  0.00597738]
 [0.18033083 0.00592072 0.00716021 0.00584542 0.00570414 0.01517231
  0.00537408 0.00718074 0.02731691 0.02838954 0.6399525  0.01825885
  0.01741781 0.00583124 0.00425274 0.00479856 0.00542253 0.00468294
  0.00655036 0.00443764]
 [0.00555123 0.00554494 0.00542349 0.00543203 0.00556491 0.0051683
  0.00553611 0.00531529 0.00561066 0.00533311 0.00539519 0.00541522
  0.00515238 0.00491435 0.00549835 0.8969098  0.00575988 0.00560063
  0.00567282 0.0052013 ]
 [0.00611155 0.00629776 0.00662496 0.00612041 0.00624167 0.00696822
  0.00575974 0.0062496  0.0064653  0.00642396 0.00639234 0.00509929
  0.00642096 0.00569945 0.8804168  0.00835221 0.00668426 0.00612686
  0.00554687 0.00599776]
 [0.00537102 0.00546814 0.0052091  0.00560319 0.00540829 0.00550009
  0.00473539 0.00501305 0.00448584 0.00567368 0.00480705 0.00525859
  0.00549844 0.00534542 0.00499799 0.00533175 0.00565374 0.00572128
  0.90093976 0.00397819]
 [0.00918963 0.00857689 0.0143102  0.00735596 0.01237539 0.00486727
  0.01394049 0.75160587 0.10442824 0.00228502 0.00327964 0.02415109
  0.00425163 0.01607933 0.00392228 0.00410096 0.00309533 0.00371772
  0.00426861 0.00419851]
 [0.04560003 0.10889684 0.07094662 0.01775455 0.03956745 0.03169186
  0.08995614 0.07005187 0.01557809 0.00509387 0.4407696  0.00540932
  0.00874299 0.00412979 0.01664505 0.00652231 0.003998   0.00454875
  0.0080617  0.00603507]
 [0.0051256  0.00567663 0.00325788 0.00635874 0.00334898 0.00455869
  0.00671037 0.00630168 0.89193183 0.00592174 0.00662385 0.00593782
  0.01129458 0.00594798 0.00568858 0.00428168 0.00355697 0.00499299
  0.00638374 0.00609971]
 [0.00460963 0.00409303 0.00527469 0.00559444 0.00472751 0.90214276
  0.00298274 0.00577372 0.00591695 0.00577203 0.00558537 0.00697754
  0.005143   0.00384474 0.00429065 0.00604277 0.00424646 0.00597531
  0.0054872  0.00551944]
 [0.00393477 0.00386048 0.00317189 0.00433403 0.00470512 0.00406304
  0.0084589  0.00424753 0.00506719 0.00320997 0.89817935 0.00409594
  0.00423408 0.00540917 0.00908192 0.00717885 0.00462402 0.00549
  0.00434057 0.01231311]
 [0.00622958 0.0061864  0.00599191 0.00564801 0.00512862 0.00611274
  0.00301899 0.00660886 0.00476832 0.00489626 0.00555259 0.00576552
  0.00605666 0.00630202 0.00628861 0.00534455 0.8903893  0.00666752
  0.00674471 0.00629873]
 [0.00700776 0.00696997 0.00712896 0.0067252  0.00672332 0.00678129
  0.00670277 0.00684178 0.00720204 0.00715627 0.00650117 0.00728378
  0.00694623 0.0076825  0.00719292 0.00656844 0.8719682  0.00254908
  0.00705255 0.00701565]
 [0.00638207 0.00682396 0.00636243 0.0065283  0.00650823 0.00645
  0.00621476 0.0060943  0.00641438 0.00696076 0.00663851 0.00654145
  0.0072295  0.00722256 0.00640847 0.00611694 0.00611167 0.00618992
  0.8757738  0.00702807]
 [0.02750349 0.0093662  0.01340814 0.01785964 0.01428264 0.0102708
  0.00986299 0.00803377 0.01658319 0.00577165 0.02243272 0.00885482
  0.03803821 0.75215644 0.00476529 0.00745612 0.00746925 0.01418856
  0.00753356 0.00416251]
 [0.0133233  0.00702108 0.00863694 0.4755072  0.00701544 0.01875249
  0.02681237 0.0289622  0.02463561 0.02568396 0.02381304 0.02609497
  0.02363906 0.22857265 0.00733109 0.00633214 0.00527112 0.00741714
  0.0098039  0.02537431]
 [0.00816618 0.0056765  0.00709804 0.00836132 0.00688132 0.00780524
  0.00781087 0.00791925 0.00802283 0.00804114 0.0080238  0.00804314
  0.0081447  0.00798036 0.00849882 0.00832397 0.00792053 0.00772315
  0.85129946 0.00825937]
 [0.54592717 0.0162356  0.00614407 0.02432762 0.01195561 0.02299551
  0.0191835  0.0177428  0.02064608 0.02113847 0.02113293 0.02033226
  0.02047629 0.00903758 0.04430444 0.03610933 0.0521655  0.00928415
  0.03598411 0.04487697]
 [0.5959193  0.00749387 0.00904537 0.01956053 0.02448514 0.02248252
  0.0243206  0.02584106 0.02334085 0.02351359 0.02377494 0.02357179
  0.02320109 0.029506   0.01266451 0.03175677 0.00870504 0.00582193
  0.03483118 0.03016392]]",0.3112074
AAWGREHGHGSSRIVFDYAA,0.21695592999458313,AAYLSPYGLHELTTYFDYAA,[0.9964839],"[[0.86160314 0.00734971 0.00736203 0.00685133 0.00776998 0.00746789
  0.00733069 0.00775955 0.00713215 0.00786228 0.00760222 0.00735898
  0.00652086 0.00812089 0.00712428 0.00681211 0.0044505  0.00807245
  0.00715314 0.00829586]
 [0.8543962  0.00809696 0.01136748 0.00773369 0.00843649 0.00789895
  0.00813824 0.00857063 0.00789398 0.00752904 0.00788549 0.00891251
  0.00643676 0.00817176 0.00556556 0.00699443 0.00704445 0.00531713
  0.00675949 0.00685085]
 [0.00562545 0.00605022 0.00456605 0.00471264 0.00534188 0.00542136
  0.00546605 0.00544512 0.00555421 0.0055542  0.00541401 0.00567257
  0.00581738 0.00481393 0.00523733 0.00477879 0.00586629 0.00500278
  0.8976828  0.00597679]
 [0.18027033 0.00592334 0.00716088 0.00584787 0.00570682 0.01516574
  0.00537647 0.0071811  0.02732508 0.02839079 0.6399793  0.01826141
  0.01742104 0.00583462 0.00425678 0.00479997 0.00542268 0.0046854
  0.00655001 0.00444042]
 [0.00555231 0.00554612 0.00542457 0.00543335 0.00556601 0.00516995
  0.00553729 0.00531644 0.00561209 0.00533445 0.00539642 0.00541636
  0.00515348 0.0049155  0.00549952 0.8968861  0.0057612  0.00560166
  0.00567417 0.00520288]
 [0.00611143 0.0062974  0.00662425 0.0061202  0.00624171 0.00696824
  0.00575986 0.0062496  0.00646521 0.00642353 0.00639255 0.00509993
  0.00642112 0.00569945 0.8804208  0.00835103 0.00668406 0.00612619
  0.00554517 0.00599822]
 [0.00537103 0.00546811 0.00520884 0.00560324 0.00540836 0.00549968
  0.00473497 0.00501306 0.00448599 0.00567363 0.00480735 0.0052589
  0.00549839 0.00534549 0.00499728 0.00533006 0.00565287 0.00572187
  0.9009428  0.00397809]
 [0.00919142 0.00857895 0.01431218 0.00735766 0.01238212 0.00486909
  0.01394712 0.7516965  0.10429499 0.00228904 0.00327914 0.02415935
  0.00425307 0.01608142 0.00392367 0.00410158 0.00309855 0.00371593
  0.00426841 0.00419984]
 [0.04562333 0.1090032  0.07092612 0.01775632 0.03958451 0.03169537
  0.08990752 0.07005656 0.01558014 0.00509065 0.44067323 0.00541514
  0.00874545 0.00413171 0.01664243 0.00651637 0.00399729 0.0045545
  0.00806328 0.0060369 ]
 [0.0051253  0.00567641 0.00325524 0.00635952 0.00334675 0.00455715
  0.00671126 0.00630197 0.89193904 0.00592265 0.00661617 0.00593871
  0.01129307 0.00594817 0.0056876  0.00428687 0.00355974 0.00499072
  0.00638366 0.00610001]
 [0.00461072 0.00409403 0.00527544 0.00559568 0.00472696 0.9021279
  0.00298365 0.00577466 0.00591779 0.00577268 0.00558551 0.0069778
  0.00514438 0.00384573 0.0042921  0.0060434  0.00424824 0.00597593
  0.00548716 0.0055204 ]
 [0.00393257 0.00385815 0.0031681  0.0043325  0.00470391 0.00406094
  0.00846282 0.0042459  0.0050661  0.00320721 0.89818263 0.00409361
  0.00423197 0.00540763 0.00909037 0.00718905 0.00462393 0.00548915
  0.00433966 0.01231382]
 [0.00623022 0.00618706 0.00599251 0.00564885 0.00512936 0.00611362
  0.00301859 0.00660944 0.00476814 0.00489586 0.00555259 0.0057657
  0.00605702 0.00630357 0.00628974 0.00534608 0.89037937 0.00666793
  0.0067452  0.0062992 ]
 [0.00700862 0.00697085 0.00712977 0.00672617 0.00672419 0.00678203
  0.00670377 0.00684267 0.00720282 0.00715708 0.00650191 0.00728476
  0.00694701 0.00768335 0.00719368 0.00656939 0.8719513  0.00255065
  0.00705341 0.0070166 ]
 [0.00638298 0.00682463 0.00636337 0.00652912 0.00650927 0.00645078
  0.00621558 0.00609515 0.00641512 0.00696151 0.00663956 0.00654215
  0.00722996 0.0072234  0.00640943 0.00611815 0.00611261 0.00619125
  0.8757574  0.00702855]
 [0.02747974 0.00936857 0.01341119 0.01786348 0.01429012 0.01028159
  0.00987397 0.00804273 0.01659411 0.00576895 0.02244958 0.00886495
  0.03798298 0.7521527  0.00476078 0.00745619 0.00747016 0.0141978
  0.00753417 0.00415611]
 [0.01333127 0.00702233 0.00863785 0.47555345 0.00701386 0.01876119
  0.02682329 0.02896843 0.02464405 0.02569138 0.02382242 0.02610444
  0.02365044 0.22842993 0.00733332 0.00633347 0.00527278 0.00741939
  0.00980634 0.02538032]
 [0.00816713 0.00567624 0.00709881 0.00836167 0.00688262 0.00780574
  0.0078115  0.00791995 0.00802326 0.00804158 0.00802422 0.00804374
  0.0081453  0.00798104 0.00849909 0.00832446 0.00792119 0.00772385
  0.8512889  0.00825971]
 [0.5459277  0.01623428 0.00614065 0.0243313  0.01196598 0.02299974
  0.01918437 0.01774239 0.02064859 0.02114082 0.02113573 0.02033442
  0.02047921 0.00903505 0.0442961  0.0361007  0.05215766 0.00928441
  0.03599117 0.04486975]
 [0.59589964 0.0074925  0.00904606 0.0195659  0.02448868 0.02248295
  0.02432263 0.02584433 0.02334193 0.02351473 0.02377591 0.0235729
  0.02320226 0.02950595 0.01266834 0.03175664 0.00870825 0.0058281
  0.03482348 0.03015877]]",0.3112074
AAAAHGRGYWQGTMDYAAAA,0.39931854605674744,AAYLSPYGLHELTTYFDYAA,[0.99648726],"[[0.8616329  0.00734854 0.0073603  0.00684994 0.00776883 0.0074662
  0.00733084 0.00775793 0.00713061 0.0078612  0.00760064 0.00735764
  0.0065199  0.00811931 0.00712285 0.00681176 0.00444045 0.00807348
  0.00715225 0.00829436]
 [0.85441446 0.00809618 0.01136648 0.00773241 0.00843521 0.00789793
  0.0081371  0.0085696  0.00789315 0.00752835 0.00788477 0.00891158
  0.00643782 0.00817099 0.00556489 0.00699398 0.00704336 0.00531384
  0.0067576  0.00685016]
 [0.00562568 0.00605058 0.00456583 0.00471354 0.00534176 0.00542155
  0.00546595 0.00544577 0.00555417 0.00555436 0.00541426 0.00567221
  0.00581826 0.0048152  0.00523665 0.00477933 0.00586519 0.005002
  0.8976807  0.00597702]
 [0.18046317 0.00592293 0.00716332 0.00585001 0.00569582 0.01526847
  0.00524826 0.00715849 0.02725197 0.02842873 0.63986146 0.01826555
  0.01742685 0.005837   0.00425419 0.00480121 0.00542503 0.00468503
  0.00655297 0.00443967]
 [0.00555085 0.00554462 0.00542315 0.00543262 0.00556489 0.00516879
  0.00553446 0.0053177  0.00561309 0.0053328  0.00539505 0.00541516
  0.00515204 0.00491426 0.00549795 0.8969093  0.00575967 0.00560026
  0.00567236 0.00520093]
 [0.00611138 0.00629809 0.00662452 0.00612044 0.00624089 0.00696516
  0.00576271 0.00625555 0.00647121 0.00642462 0.00639244 0.00509892
  0.00642085 0.00569968 0.8804063  0.0083521  0.00668401 0.00612655
  0.00554682 0.00599767]
 [0.00537112 0.00546801 0.0052093  0.00560275 0.00540883 0.00550222
  0.00473542 0.00501342 0.00448535 0.0056728  0.00480688 0.00525828
  0.00549832 0.00534543 0.0049978  0.00533183 0.0056541  0.00572101
  0.9009393  0.00397783]
 [0.00920641 0.00858711 0.01434805 0.00734635 0.01238261 0.00486357
  0.01389028 0.7495295  0.10631289 0.00228681 0.0032674  0.02425863
  0.00425749 0.016128   0.00392706 0.00410666 0.00309866 0.00372408
  0.00427348 0.00420491]
 [0.04552368 0.10877524 0.07083297 0.01773777 0.03948361 0.03168582
  0.08993237 0.06956851 0.01555069 0.0050716  0.4418137  0.00540646
  0.00871888 0.00412908 0.01662438 0.00650917 0.00399653 0.00454758
  0.00805884 0.0060331 ]
 [0.00511944 0.00567033 0.00325027 0.00635511 0.00335022 0.00455399
  0.00670593 0.00629864 0.8920087  0.00592121 0.00663167 0.00593311
  0.01128552 0.0059432  0.00568417 0.00427237 0.0035485  0.00499042
  0.00638102 0.00609621]
 [0.00460987 0.00409306 0.00527527 0.00559356 0.00472959 0.90213704
  0.00298224 0.00577117 0.00591577 0.00577213 0.00558639 0.00697854
  0.0051412  0.00384495 0.00429487 0.00604118 0.00425047 0.00597533
  0.00548824 0.00551916]
 [0.00393113 0.00385718 0.00316559 0.00433225 0.00470246 0.00405931
  0.00845737 0.00423903 0.00506422 0.00321306 0.89821225 0.00409372
  0.00423144 0.00540628 0.0090961  0.00718664 0.0046205  0.00548838
  0.00433874 0.01230435]
 [0.00623017 0.00618734 0.00599333 0.00564952 0.00512981 0.00611416
  0.00302058 0.00661153 0.00476655 0.00489393 0.00555096 0.00576669
  0.00605823 0.00630258 0.00629073 0.00534863 0.89037466 0.00666733
  0.00674426 0.00629891]
 [0.00700797 0.00696982 0.00712922 0.00672555 0.00672347 0.00678136
  0.00670307 0.00684185 0.0072023  0.0071571  0.00650158 0.00728384
  0.00694627 0.00768228 0.00719222 0.00656907 0.87196475 0.00254939
  0.00705313 0.00701561]
 [0.00638177 0.00682335 0.00636239 0.00652796 0.00650818 0.00644999
  0.00621442 0.00609473 0.00641435 0.00696035 0.00663841 0.00654134
  0.00722904 0.00722202 0.00640702 0.0061185  0.00611386 0.00619096
  0.87577367 0.00702765]
 [0.02753498 0.00936359 0.01340717 0.01786221 0.01427713 0.01025939
  0.00985102 0.00802231 0.01657513 0.00577394 0.02242818 0.00884329
  0.03805102 0.75217    0.00477248 0.00745813 0.00746873 0.01417788
  0.00753401 0.00416946]
 [0.01332776 0.00701714 0.00863185 0.47547162 0.00701073 0.01874908
  0.02680755 0.02895652 0.02463112 0.02568003 0.02380791 0.02609029
  0.02363627 0.2286653  0.00733058 0.00633021 0.00526933 0.00741622
  0.00980226 0.02536811]
 [0.00816552 0.00567641 0.00709743 0.00836037 0.00688101 0.00780443
  0.00781019 0.00791883 0.00802224 0.00804044 0.00802321 0.00804272
  0.0081445  0.00797959 0.00849822 0.0083236  0.00791959 0.00772262
  0.85131073 0.00825838]
 [0.54592556 0.01623194 0.00614389 0.02432902 0.01194719 0.02299553
  0.01918067 0.01773821 0.02064512 0.02113779 0.02113203 0.02033052
  0.02047469 0.00902732 0.04431261 0.03611355 0.05217853 0.00928986
  0.03598148 0.04488439]
 [0.5959197  0.0075077  0.0090405  0.01955928 0.02448713 0.0224826
  0.02432128 0.02584196 0.02334142 0.02351446 0.02377581 0.02357258
  0.02320147 0.02950862 0.01265055 0.03175833 0.00869183 0.00581208
  0.03484245 0.03017029]]",0.3112074
AAYLSPYGQHELTTYFDYAA,0.34943121671676636,AAYLSPYGLHELTTYFDYAA,[0.99648106],"[[0.8615383  0.00734947 0.0073672  0.00685494 0.00777311 0.00747148
  0.00733305 0.0077649  0.00713433 0.00786739 0.0076055  0.00736269
  0.00652325 0.00812513 0.00712975 0.00681517 0.00445244 0.0080748
  0.00715739 0.00829983]
 [0.85436904 0.0080983  0.01136562 0.00773533 0.00843646 0.00790055
  0.00814073 0.00857574 0.00789476 0.00752906 0.00788759 0.00891489
  0.00643488 0.0081735  0.00556856 0.00699715 0.00704671 0.00531883
  0.0067601  0.00685206]
 [0.00562918 0.00605258 0.00456716 0.00471784 0.00534458 0.0054247
  0.00546903 0.00544829 0.00555737 0.00555755 0.00542106 0.00567847
  0.00582281 0.00482119 0.00523961 0.00478308 0.00586999 0.00500435
  0.89761114 0.00597999]
 [0.1789667  0.00592811 0.00716972 0.00585287 0.00570006 0.01516465
  0.00536469 0.00718895 0.0273209  0.0283721  0.6412103  0.01831619
  0.01746389 0.00582017 0.0042462  0.00480149 0.00543114 0.00468905
  0.00654918 0.00444365]
 [0.00555378 0.0055478  0.00542657 0.00543438 0.00556835 0.00517102
  0.00553953 0.00531878 0.00561451 0.00533632 0.00539913 0.0054197
  0.00515659 0.00491666 0.00550114 0.8968483  0.00576283 0.00560391
  0.00567626 0.00520451]
 [0.00611111 0.00629791 0.00662404 0.00612018 0.0062412  0.00696993
  0.00575874 0.00624975 0.00646582 0.00642302 0.00638867 0.00509086
  0.00642012 0.00569627 0.8804327  0.00835186 0.00668664 0.00612699
  0.00554557 0.00599865]
 [0.00537238 0.00546977 0.00521367 0.00560704 0.00541065 0.00550492
  0.00474064 0.00501433 0.00448695 0.00567652 0.00480299 0.00525727
  0.00549922 0.00534703 0.00499598 0.00533202 0.0056553  0.00572395
  0.9009099  0.00397948]
 [0.00917131 0.00856426 0.01428767 0.00736415 0.01236506 0.0048704
  0.01386265 0.75167704 0.10456823 0.0022845  0.00326592 0.02409379
  0.00425017 0.01607836 0.00392263 0.0040994  0.00309449 0.00371501
  0.0042668  0.00419816]
 [0.04564466 0.10916441 0.07055581 0.01773116 0.03960976 0.0316905
  0.08936785 0.07016131 0.01555508 0.00510819 0.44142294 0.00539493
  0.00872405 0.00413403 0.01663422 0.00646096 0.00400126 0.00455039
  0.00805516 0.00603327]
 [0.00512516 0.00567502 0.00328756 0.00635844 0.00334642 0.00456901
  0.00671435 0.00630297 0.8918686  0.0059244  0.00662463 0.00594319
  0.01129983 0.00594959 0.00568928 0.00428705 0.00355531 0.00499104
  0.00638512 0.0061031 ]
 [0.00462293 0.00410549 0.00530512 0.00560449 0.00475029 0.9018477
  0.00301502 0.00578469 0.00592865 0.00578121 0.00559653 0.00698875
  0.00514433 0.00387017 0.0043073  0.00605681 0.00425134 0.00599282
  0.00551808 0.00552818]
 [0.00393211 0.00385724 0.00316802 0.00433229 0.00470684 0.00406283
  0.00846182 0.00425882 0.00506849 0.00320792 0.89820933 0.00409691
  0.00423741 0.00541541 0.00905187 0.00717167 0.00461535 0.00549408
  0.00433995 0.01231151]
 [0.00623095 0.00618751 0.00599311 0.00564796 0.00512993 0.00611338
  0.00300268 0.00661021 0.00476707 0.00489427 0.00555221 0.0057664
  0.00605612 0.00629925 0.00628925 0.00534371 0.89039963 0.00667002
  0.00674494 0.00630148]
 [0.00700973 0.00697252 0.00713076 0.00672803 0.00672623 0.00678335
  0.00670619 0.00684517 0.00720412 0.00715683 0.00650296 0.00728694
  0.00694749 0.0076872  0.00720091 0.00657403 0.87192035 0.00254535
  0.00705476 0.00701711]
 [0.00638666 0.00682873 0.00636749 0.00653256 0.00651327 0.00645509
  0.00621989 0.0060988  0.0064189  0.00696569 0.00664351 0.00654589
  0.00723768 0.00722972 0.00640971 0.0061183  0.00611421 0.00618872
  0.87569094 0.00703429]
 [0.02750348 0.00936278 0.01341    0.01785389 0.0142851  0.01028047
  0.00987326 0.00804258 0.01658776 0.00576545 0.02242706 0.00885934
  0.03797362 0.7521432  0.00478914 0.00744868 0.0074705  0.01423215
  0.00753447 0.0041571 ]
 [0.01330508 0.007008   0.00864289 0.47584346 0.00701502 0.01876158
  0.02682143 0.02896927 0.02464451 0.02569104 0.02382501 0.02610268
  0.0236516  0.2281542  0.00733553 0.00633058 0.00527882 0.00741693
  0.00980644 0.02539601]
 [0.0081695  0.00568823 0.00709941 0.00836414 0.006885   0.00780872
  0.0078143  0.00792316 0.0080265  0.00804471 0.00802732 0.00804687
  0.00814837 0.00798419 0.00850438 0.0083272  0.0079224  0.00772596
  0.85122365 0.00826597]
 [0.5459481  0.01624001 0.00614357 0.02433304 0.01195286 0.02299206
  0.01917896 0.01773825 0.02064196 0.02113357 0.02112921 0.02032811
  0.02047118 0.00902721 0.04419872 0.03616334 0.05227175 0.00927512
  0.0357826  0.0450504 ]
 [0.59589684 0.00749816 0.00904141 0.01956105 0.02448777 0.02248026
  0.02431747 0.02583769 0.02333804 0.02351061 0.02377177 0.0235686
  0.02319829 0.02949986 0.01265558 0.03174831 0.00870077 0.00581298
  0.03490122 0.03017342]]",0.3112074
