old_seqs,old_predicted_y,new_seqs,STORM_predicted_y,optimized_pwm,orig_model_predicted_y
AAAYKTDGKGQGPRSFDYAA,0.20871186256408691,AADVSFIPWLSWRHWTDYAA,[0.9978114],"[[0.83094144 0.00867297 0.00822265 0.00830106 0.00844626 0.00932072
  0.00932466 0.00939548 0.00907928 0.00907928 0.00907928 0.00861815
  0.00818202 0.00964109 0.00905897 0.00886103 0.00848631 0.0094037
  0.00894606 0.00893958]
 [0.8154992  0.00765417 0.01007928 0.01009709 0.00978624 0.00974382
  0.00978925 0.01090473 0.01037634 0.00935135 0.00970472 0.01048586
  0.00975423 0.00981313 0.01000351 0.00988744 0.00903008 0.00909913
  0.00948301 0.00945741]
 [0.00917202 0.00869498 0.00723999 0.84708095 0.00604623 0.00731024
  0.00828283 0.00835823 0.00791486 0.00775678 0.00779625 0.00751819
  0.00809035 0.00822594 0.00816141 0.00864225 0.00836109 0.00813368
  0.00874321 0.00847063]
 [0.00797322 0.00795438 0.00829063 0.00703717 0.00776562 0.00765658
  0.00772011 0.00776325 0.0075806  0.00726869 0.00642855 0.00706788
  0.00762975 0.00835389 0.00710842 0.0084854  0.00820911 0.00798335
  0.00741499 0.8543084 ]
 [0.00899207 0.0088648  0.00874456 0.00873304 0.00883191 0.00877286
  0.00885215 0.008812   0.0088292  0.00869775 0.00874042 0.00889733
  0.00884882 0.00873433 0.00896794 0.83264023 0.00943173 0.00863174
  0.00878278 0.00819439]
 [0.00830846 0.0086891  0.00862858 0.00834645 0.00858672 0.00807425
  0.00818747 0.0082759  0.00841626 0.00854968 0.00831883 0.03119528
  0.00716039 0.8181154  0.00847138 0.00994667 0.00870458 0.00832874
  0.00713714 0.00855862]
 [0.02354378 0.01592518 0.02902501 0.01884296 0.00973844 0.01261791
  0.00692293 0.00767118 0.01046924 0.65889096 0.0179817  0.00988348
  0.10194834 0.02545484 0.00931916 0.00736156 0.00858964 0.00837487
  0.01124944 0.00618937]
 [0.00801247 0.00801247 0.00801247 0.00801247 0.00801247 0.00801247
  0.00824566 0.0076774  0.00858923 0.01478919 0.01545044 0.00829207
  0.01226505 0.00786276 0.83438027 0.00652821 0.00537796 0.00738112
  0.00696142 0.0081245 ]
 [0.00736564 0.00736416 0.00735906 0.00735684 0.00749587 0.00736082
  0.00747254 0.00724981 0.00753018 0.00747648 0.00717999 0.00720574
  0.0074884  0.00752351 0.00783746 0.00726452 0.00726289 0.85933006
  0.00745784 0.00741821]
 [0.01783556 0.00855992 0.00920372 0.03282638 0.01262117 0.01104833
  0.02445534 0.00892562 0.00871303 0.00898031 0.70675075 0.04628018
  0.02791416 0.0139482  0.0218719  0.01024525 0.00758642 0.00829036
  0.00820667 0.00573676]
 [0.01048828 0.01003577 0.0102781  0.01225247 0.01036395 0.00989733
  0.0135004  0.00903417 0.01020365 0.00837121 0.01047851 0.01497547
  0.00928259 0.01043761 0.02646712 0.45609584 0.00778822 0.34564617
  0.00805237 0.00635074]
 [0.00739415 0.0073874  0.00741464 0.00740206 0.00744452 0.00755143
  0.00736009 0.0075724  0.00738314 0.0073777  0.0074943  0.00732602
  0.00780195 0.00760275 0.00777539 0.00640566 0.0073959  0.8588672
  0.00719505 0.0078482 ]
 [0.00749966 0.8198379  0.00646269 0.01327844 0.02075251 0.01346068
  0.00578725 0.00616705 0.00674221 0.00944227 0.00659349 0.00839241
  0.01429995 0.00803904 0.02243817 0.00715113 0.00564477 0.00681924
  0.00543395 0.0057571 ]
 [0.00503207 0.00782413 0.00760128 0.00766468 0.00604338 0.02377377
  0.00841709 0.00715712 0.82586217 0.0076296  0.00779216 0.01138071
  0.00833961 0.02292707 0.01105598 0.00673816 0.00463943 0.00584266
  0.00667052 0.00760842]
 [0.00555462 0.00698329 0.00611647 0.00629178 0.00617317 0.0058365
  0.00600165 0.00596345 0.00628712 0.00659001 0.00639571 0.00667894
  0.00650002 0.00635602 0.00659599 0.00680322 0.00668741 0.87900126
  0.00574524 0.00743807]
 [0.04643441 0.016656   0.01577894 0.02076445 0.00506685 0.00533474
  0.04807056 0.01332561 0.01112782 0.03821378 0.01896139 0.01587466
  0.01675075 0.19515373 0.00721386 0.0077691  0.47468147 0.01236306
  0.02319595 0.00726285]
 [0.03161087 0.02063779 0.03327114 0.52015513 0.0105462  0.02573765
  0.0281787  0.03978616 0.02507928 0.0294789  0.03335037 0.0307805
  0.03033071 0.02855908 0.03386936 0.01542522 0.02359224 0.01976225
  0.00839375 0.01145465]
 [0.0088152  0.00608231 0.00730178 0.00913779 0.00677335 0.00810635
  0.00811867 0.00834385 0.00850599 0.00849142 0.00850103 0.00858036
  0.0085148  0.00944263 0.00933595 0.00828006 0.00738638 0.00805921
  0.8435535  0.00866934]
 [0.56956    0.01950083 0.00709687 0.02380195 0.01309618 0.02296771
  0.02294922 0.02291901 0.0229644  0.0229644  0.0229644  0.0229644
  0.0229644  0.0280412  0.02934324 0.02579802 0.02683139 0.01246398
  0.04553435 0.01527405]
 [0.5763262  0.0097622  0.00969471 0.01946175 0.02293548 0.02269579
  0.02271417 0.02272551 0.02270547 0.02270547 0.02270547 0.02270547
  0.02270547 0.02204549 0.03018614 0.0227171  0.02596416 0.02434716
  0.02925011 0.02564677]]",0.8700019
AAAAELRREPLIVFDYAAAA,0.8997159004211426,AADVSFIPWLSWRHWTDYAA,[0.99781597],"[[0.83097345 0.00867112 0.00822097 0.00829944 0.00844455 0.009319
  0.00932294 0.00939376 0.00907761 0.00907761 0.00907761 0.00861638
  0.00817996 0.0096396  0.00905714 0.00885922 0.0084847  0.00940196
  0.00894443 0.00893853]
 [0.8155364  0.00765294 0.01007737 0.01009534 0.00978445 0.00974199
  0.00978716 0.01090272 0.01037428 0.00934937 0.00970287 0.01048397
  0.00975225 0.00981001 0.01000112 0.00988525 0.00902797 0.00909747
  0.00948123 0.00945576]
 [0.00916864 0.00869235 0.00723739 0.84712946 0.00604277 0.0073076
  0.00828069 0.00835591 0.0079125  0.00775436 0.00779381 0.00751513
  0.00808791 0.00822314 0.00815826 0.00863995 0.00835897 0.00813162
  0.00874099 0.00846857]
 [0.00797159 0.00795249 0.0082885  0.00703476 0.00776349 0.00765444
  0.00771802 0.00776197 0.00757808 0.0072661  0.00642589 0.00706707
  0.00762771 0.00835216 0.00710702 0.00848339 0.00820683 0.00798143
  0.00741355 0.85434556]
 [0.00899031 0.00886281 0.00874238 0.00873131 0.00882991 0.00877116
  0.00885049 0.00881026 0.0088277  0.00869568 0.00873867 0.00889567
  0.00884676 0.008733   0.00896584 0.83267444 0.00942998 0.00862999
  0.00878107 0.00819269]
 [0.00830624 0.00868502 0.00862444 0.00834412 0.00858353 0.00807161
  0.00818484 0.0082714  0.00841282 0.00854694 0.00831539 0.03114061
  0.00715777 0.81822115 0.00846923 0.00994442 0.00870242 0.00832648
  0.00713507 0.00855656]
 [0.02338823 0.01587013 0.02882971 0.01876168 0.00969123 0.01258904
  0.00687997 0.00764769 0.01042898 0.65979576 0.01793622 0.00984592
  0.10201117 0.02534113 0.00929479 0.00734583 0.00856752 0.00835371
  0.01123002 0.00619126]
 [0.0080103  0.0080103  0.0080103  0.0080103  0.0080103  0.0080103
  0.00824045 0.00768238 0.00854682 0.01495567 0.01546838 0.0082781
  0.01225903 0.00785676 0.83428884 0.0065261  0.00537555 0.00737907
  0.0069594  0.00812171]
 [0.00736357 0.00736203 0.0073584  0.00735554 0.00749374 0.00735955
  0.00747053 0.00725034 0.00752892 0.00747634 0.00717625 0.0072007
  0.00748712 0.00752073 0.00783571 0.00726268 0.00726114 0.8593641
  0.00745618 0.00741644]
 [0.01811747 0.00859488 0.00926984 0.03301449 0.01266278 0.01105971
  0.02457638 0.00892619 0.00872561 0.00898825 0.70629287 0.04574567
  0.02796702 0.01401065 0.02192334 0.01026926 0.00759237 0.00829775
  0.00821325 0.00575221]
 [0.01047353 0.01001679 0.01026059 0.01223234 0.01034623 0.00988475
  0.01353755 0.00903101 0.01018954 0.00835445 0.01046665 0.01498527
  0.00926046 0.01042868 0.02644558 0.45507264 0.00777818 0.3468533
  0.00804067 0.00634178]
 [0.0073932  0.00738617 0.00741491 0.00740224 0.0074447  0.00754877
  0.00735943 0.00757171 0.00738138 0.0073764  0.00749269 0.00732466
  0.00780052 0.00760096 0.00777414 0.00640369 0.00739415 0.8588901
  0.00719353 0.00784654]
 [0.00767979 0.8177197  0.00653674 0.0133356  0.02098663 0.01364669
  0.00582501 0.00637742 0.00677372 0.00950835 0.0067164  0.00848504
  0.01456137 0.00809341 0.02282723 0.00718452 0.00566203 0.00684556
  0.00545177 0.00578295]
 [0.00495225 0.00786481 0.00760023 0.00766989 0.00605331 0.0238361
  0.00842642 0.00716015 0.8257836  0.0076311  0.00779208 0.01139507
  0.00834299 0.0229222  0.01105782 0.00674064 0.00464374 0.00584724
  0.00667099 0.00760926]
 [0.00554195 0.00699082 0.00611823 0.00628973 0.006176   0.00583845
  0.00600246 0.00596403 0.00628798 0.00659003 0.00639562 0.00667937
  0.00650037 0.00635659 0.00659592 0.00680269 0.00668734 0.8789982
  0.00574621 0.00743798]
 [0.04717262 0.0166705  0.01559402 0.02056931 0.00505328 0.00536701
  0.04796735 0.01340701 0.01119121 0.03825161 0.01898471 0.01590913
  0.0168009  0.19549407 0.00722146 0.00777978 0.47365135 0.0124089
  0.0232367  0.00726921]
 [0.03130811 0.02035694 0.03372316 0.5209241  0.0105444  0.0257515
  0.02814371 0.03972377 0.02503834 0.02942516 0.03327056 0.03071609
  0.03027343 0.02852251 0.03383305 0.01540349 0.02344454 0.01976632
  0.00839001 0.01144083]
 [0.00881555 0.00606819 0.00730065 0.00914838 0.0067648  0.00810548
  0.00811793 0.00834301 0.00850507 0.00849061 0.00850024 0.00857933
  0.00851412 0.0094419  0.0093336  0.00828073 0.00738795 0.00805844
  0.84357226 0.00867181]
 [0.5690437  0.01949467 0.00705376 0.02378284 0.01311967 0.02300719
  0.02300655 0.02298393 0.02301431 0.02301431 0.02301431 0.02301431
  0.02301431 0.02810015 0.02937398 0.02583495 0.02685564 0.01243356
  0.0455294  0.01530852]
 [0.577054   0.0096816  0.00966244 0.01941245 0.02292658 0.0226679
  0.0226908  0.02270607 0.02267962 0.02267962 0.02267962 0.02267962
  0.02267962 0.02202611 0.03007098 0.02268388 0.02593732 0.02428572
  0.02918911 0.02560693]]",0.8700019
AAAWCLGPGYSVHPFDYAAA,0.2947603464126587,AADVSFIPWLSWRHWTDYAA,[0.99781406],"[[0.8309234  0.00867384 0.0082236  0.00830205 0.00844701 0.00932145
  0.00932535 0.00939618 0.00908046 0.00908046 0.00908046 0.00861941
  0.00818346 0.00964199 0.0090597  0.00886169 0.00848717 0.00940433
  0.00894692 0.00894106]
 [0.8154881  0.0076552  0.01007965 0.01009756 0.00978679 0.00974472
  0.00979012 0.01090479 0.01037683 0.00935235 0.00970562 0.01048632
  0.00975555 0.00981274 0.01000373 0.00988764 0.00903037 0.00909996
  0.00948378 0.00945823]
 [0.00917182 0.0086953  0.00724234 0.84707165 0.00604664 0.00731071
  0.00828339 0.00835871 0.00791541 0.00775733 0.00779669 0.00751847
  0.00809076 0.00822615 0.00816132 0.00864262 0.00836161 0.00813443
  0.00874358 0.00847111]
 [0.00797452 0.00795535 0.00829153 0.0070379  0.0077665  0.00765739
  0.00772103 0.00776495 0.00758093 0.00726946 0.00642872 0.00706969
  0.0076317  0.00835529 0.00711024 0.00848618 0.00820954 0.00798435
  0.00741658 0.85428816]
 [0.00899273 0.00886536 0.00874489 0.0087337  0.00883248 0.00877359
  0.00885283 0.0088126  0.00883013 0.00869841 0.00874094 0.00889797
  0.00884973 0.00873538 0.00896849 0.8326268  0.00943254 0.00863247
  0.00878361 0.00819526]
 [0.00830932 0.00868856 0.00862799 0.00834705 0.00858687 0.00807478
  0.0081882  0.00827441 0.00841564 0.00854932 0.00831859 0.03121984
  0.00716082 0.818089   0.00847135 0.00994666 0.00870498 0.00832966
  0.0071382  0.00855866]
 [0.02341654 0.01589086 0.02883405 0.01878136 0.00970651 0.01260366
  0.00688023 0.00765627 0.01043801 0.6597705  0.0179644  0.00985864
  0.1017946  0.02536449 0.00930252 0.00735163 0.00857355 0.00836144
  0.01124108 0.00620973]
 [0.00801142 0.00801142 0.00801142 0.00801142 0.00801142 0.00801142
  0.00823658 0.00768235 0.00852015 0.01497269 0.01548748 0.0082826
  0.0122616  0.00786035 0.83424675 0.00653042 0.00538162 0.0073812
  0.00696336 0.00812427]
 [0.00736727 0.0073658  0.00736081 0.00735863 0.00749784 0.00736253
  0.00747333 0.00725252 0.00753214 0.00747878 0.0071812  0.00720432
  0.00749027 0.00752471 0.00783894 0.00726647 0.00726475 0.8593002
  0.00745943 0.00742012]
 [0.01795914 0.00856818 0.00921914 0.03271504 0.01265153 0.01105726
  0.02453459 0.00892348 0.00870959 0.00898175 0.70675355 0.04602705
  0.02790027 0.01400998 0.02187099 0.01026237 0.00758705 0.00829112
  0.00820688 0.00577093]
 [0.01051703 0.01006288 0.01030579 0.01228687 0.01039235 0.00992392
  0.0135635  0.00907551 0.01022991 0.0083789  0.01051165 0.01504295
  0.00929982 0.01047046 0.02654611 0.45757046 0.00780853 0.34357
  0.00807489 0.00636844]
 [0.00739581 0.00738905 0.00741608 0.00740345 0.00744603 0.00755326
  0.00736164 0.00757385 0.00738465 0.00737909 0.00749567 0.00732765
  0.00780336 0.00760399 0.00777677 0.00640737 0.00739709 0.85883975
  0.00719609 0.00784939]
 [0.0074966  0.8199587  0.00645984 0.01327745 0.02072782 0.01344715
  0.00578517 0.00614736 0.00673925 0.00943787 0.00658849 0.00839084
  0.0142892  0.008037   0.02241715 0.0071506  0.00564276 0.00681639
  0.005433   0.00575734]
 [0.00502865 0.00781444 0.0075947  0.00765736 0.00603641 0.02372587
  0.0084037  0.0071473  0.82618237 0.00761718 0.00778335 0.01133132
  0.00833331 0.02282861 0.01103892 0.00673122 0.00463479 0.00583948
  0.00666757 0.00760351]
 [0.00555485 0.00698262 0.00611597 0.00629115 0.00617213 0.00583527
  0.00600117 0.00596312 0.00628635 0.00658976 0.0063953  0.00667835
  0.00649996 0.00635741 0.0065973  0.00680485 0.0066874  0.8790032
  0.00574639 0.00743746]
 [0.04591848 0.01649549 0.01565751 0.02060214 0.00499351 0.0052889
  0.04755538 0.01319223 0.01099114 0.03779056 0.01875068 0.01568445
  0.01657762 0.19321138 0.00716352 0.00771228 0.4799795  0.01227183
  0.02295779 0.00720565]
 [0.03164334 0.020679   0.03325695 0.52001923 0.0105684  0.02573422
  0.02819796 0.03974115 0.02506479 0.02944075 0.03342069 0.03075525
  0.03031071 0.02856667 0.03389237 0.01544551 0.02366207 0.01976299
  0.00838486 0.01145316]
 [0.00881316 0.00608987 0.00730158 0.00913583 0.0067719  0.00810487
  0.00811719 0.00834308 0.00850285 0.00848814 0.00849834 0.00857845
  0.00851217 0.00944136 0.00933132 0.00827013 0.00738245 0.00806045
  0.84358853 0.00866826]
 [0.5695228  0.01951114 0.00710683 0.02382228 0.01310325 0.02298333
  0.02296328 0.02293252 0.02297913 0.02297913 0.02297913 0.02297913
  0.02297913 0.02797825 0.02929037 0.02580027 0.02683934 0.01249263
  0.04547488 0.01528322]
 [0.5762913  0.0097736  0.0096995  0.0194708  0.02293948 0.02269921
  0.02271925 0.02273215 0.02270979 0.02270979 0.02270979 0.02270979
  0.02270979 0.02204975 0.0302145  0.02272583 0.02595763 0.02428349
  0.02924518 0.02564939]]",0.8700019
AADVSFIPWLSWRHWFDYAA,0.8131294846534729,AADVSFIPWLSWRHWTDYAA,[0.9978155],"[[0.8309144  0.00867443 0.00822402 0.00830245 0.00844761 0.00932221
  0.00932612 0.00939687 0.00908071 0.00908071 0.00908071 0.00861961
  0.00818369 0.00964241 0.00906044 0.00886248 0.00848769 0.00940519
  0.00894749 0.00894075]
 [0.81546766 0.00765526 0.01008088 0.01009862 0.0097877  0.00974522
  0.0097908  0.01090585 0.0103778  0.00935333 0.00970653 0.01048764
  0.0097583  0.00981404 0.010005   0.00988925 0.00903168 0.00910074
  0.00948464 0.00945911]
 [0.00917407 0.0086967  0.0072427  0.84704715 0.00604836 0.00731183
  0.00828447 0.0083598  0.00791641 0.00775826 0.0077978  0.00752141
  0.00809173 0.00822703 0.00816283 0.00864427 0.00836274 0.00813532
  0.0087448  0.00847237]
 [0.00797512 0.00795611 0.00829266 0.00703899 0.00776752 0.00765849
  0.00772202 0.00776512 0.00758246 0.0072707  0.00643039 0.00706881
  0.007633   0.00835558 0.00711084 0.00848732 0.008211   0.00798533
  0.0074167  0.85427177]
 [0.00899384 0.00886651 0.00874623 0.00873475 0.0088337  0.00877462
  0.00885379 0.00881368 0.00883094 0.00869955 0.00874205 0.00889886
  0.00885055 0.00873591 0.00896956 0.8326078  0.00943351 0.00863351
  0.00878446 0.00819624]
 [0.00831078 0.00869189 0.00863145 0.00834872 0.00858936 0.0080766
  0.00818997 0.00827833 0.00841875 0.00855151 0.00832213 0.0312863
  0.00716309 0.81798196 0.00847407 0.00994866 0.00870647 0.00833087
  0.00713896 0.00856023]
 [0.0235624  0.01593259 0.0290354  0.01885522 0.00974615 0.01262453
  0.00692871 0.00767506 0.01047494 0.6589481  0.01799682 0.00989647
  0.1017428  0.02547188 0.00932252 0.00736524 0.00859371 0.00837957
  0.01125467 0.00619311]
 [0.00801379 0.00801379 0.00801379 0.00801379 0.00801379 0.00801379
  0.0082477  0.00767804 0.00859459 0.01476482 0.01547106 0.00829534
  0.01226486 0.00786461 0.83435655 0.00652879 0.00537953 0.00738242
  0.0069627  0.00812626]
 [0.00736715 0.00736549 0.00736031 0.00735826 0.00749731 0.0073622
  0.00747402 0.00725115 0.00753176 0.00747819 0.00718163 0.00720685
  0.00748957 0.00752558 0.00783876 0.00726639 0.00726439 0.85930204
  0.00745925 0.00741966]
 [0.01778716 0.0085575  0.00919875 0.03279848 0.01261093 0.01104998
  0.02444542 0.0089274  0.00871308 0.00898042 0.7068881  0.04627378
  0.02791418 0.01393477 0.02186318 0.01024021 0.00758684 0.00829033
  0.00820742 0.00573217]
 [0.01047593 0.0100244  0.01026606 0.01224054 0.01035395 0.00988814
  0.01347087 0.00902488 0.01019193 0.00836083 0.01046563 0.01495971
  0.00927654 0.0104258  0.02641623 0.45552176 0.00777924 0.34647048
  0.00804135 0.00634568]
 [0.00739098 0.00738428 0.00741149 0.00739839 0.00744104 0.00754857
  0.00735698 0.00756934 0.00738011 0.00737471 0.0074915  0.00732353
  0.00779985 0.00759976 0.00777274 0.00640213 0.00739718 0.8589232
  0.00719112 0.00784315]
 [0.00745679 0.8203986  0.00644817 0.01324976 0.02068905 0.01341366
  0.00576745 0.00609418 0.00673445 0.00941427 0.0065744  0.008372
  0.01426056 0.00802354 0.02235176 0.00713845 0.00564106 0.00679551
  0.00540857 0.0057678 ]
 [0.00503378 0.00781386 0.00759462 0.00765686 0.00603811 0.02371237
  0.00838775 0.00714709 0.82618904 0.007619   0.00778382 0.01132404
  0.00833084 0.02289267 0.01102875 0.00673346 0.00461027 0.00584512
  0.00665348 0.0076051 ]
 [0.00555506 0.00698276 0.00611593 0.00629122 0.00617205 0.00583472
  0.00600078 0.00596297 0.00628605 0.0065898  0.00639562 0.00667892
  0.00649997 0.00635526 0.00659558 0.00680314 0.0066826  0.8790134
  0.00574758 0.00743656]
 [0.04634356 0.01663638 0.0157816  0.02075766 0.00504882 0.00532626
  0.04836432 0.01329721 0.01107455 0.03835221 0.01893878 0.01582627
  0.01673228 0.19509883 0.00720745 0.0077618  0.47466642 0.01235739
  0.023203   0.00722515]
 [0.03163583 0.02066202 0.03337456 0.520109   0.0105528  0.02570962
  0.02818426 0.03971625 0.02506251 0.02944715 0.0333954  0.03074301
  0.03031962 0.02856305 0.03388099 0.01542532 0.02358915 0.0197737
  0.00839546 0.01146033]
 [0.00881652 0.00608463 0.00730297 0.00913892 0.00677496 0.00810788
  0.00812026 0.00834625 0.00850592 0.00849171 0.00850163 0.00858058
  0.00851565 0.00944396 0.00933761 0.00828191 0.00738803 0.00806024
  0.8435293  0.008671  ]
 [0.5695041  0.01950309 0.00709936 0.02380673 0.01310005 0.0229692
  0.02295112 0.02292097 0.02296595 0.02296595 0.02296595 0.02296595
  0.02296595 0.0280479  0.02934851 0.0258013  0.02683199 0.01246715
  0.04554463 0.01527413]
 [0.57634526 0.00976717 0.0096954  0.01946305 0.02293412 0.02269426
  0.02271269 0.02272456 0.02270406 0.02270406 0.02270406 0.02270406
  0.02270406 0.02204456 0.03018389 0.02271603 0.02596276 0.02434562
  0.02924594 0.02564433]]",0.8700019
AAAQDWGWRQGGIYFDYAAA,0.10467218607664108,AADVSFIPWLSWRHWTDYAA,[0.99783915],"[[0.83092916 0.00867349 0.0082235  0.00830191 0.00844664 0.00932074
  0.00932468 0.00939553 0.00908077 0.00908077 0.00908077 0.00861964
  0.00818343 0.00964201 0.00905907 0.0088608  0.00848648 0.00940346
  0.00894636 0.00894077]
 [0.8155205  0.00765541 0.01007741 0.01009582 0.00978517 0.00974269
  0.00978803 0.01090372 0.0103753  0.00934995 0.00970354 0.01048487
  0.00975359 0.00981075 0.0100023  0.00988605 0.00902856 0.00909808
  0.00948197 0.00945633]
 [0.00917033 0.00869452 0.00723669 0.84708875 0.00604649 0.00731029
  0.00828281 0.00835795 0.00791492 0.00775704 0.00779606 0.00751852
  0.00809023 0.00822553 0.00816082 0.00864156 0.00836086 0.00813374
  0.00874247 0.00847031]
 [0.00797259 0.007955   0.00829037 0.00703778 0.00776581 0.00765685
  0.0077204  0.00776422 0.00758058 0.0072698  0.00642896 0.00706928
  0.00763132 0.00835478 0.00710963 0.0084849  0.0082084  0.00798313
  0.00741533 0.85430086]
 [0.00899102 0.0088642  0.00874324 0.00873246 0.00883113 0.00877232
  0.00885156 0.00881134 0.00882886 0.00869745 0.00873983 0.00889661
  0.00884844 0.00873525 0.0089653  0.83265513 0.00942837 0.00863052
  0.00878248 0.00819438]
 [0.0083055  0.00868351 0.00862196 0.00834321 0.00858237 0.0080706
  0.00818394 0.0082708  0.00841148 0.00854589 0.00831504 0.03118027
  0.00715498 0.8181911  0.00847087 0.00994426 0.00870294 0.00832859
  0.00713629 0.0085564 ]
 [0.02341921 0.01589229 0.0288457  0.01878672 0.00970845 0.012607
  0.00687917 0.00765789 0.01043988 0.65973943 0.01798817 0.00986176
  0.10174318 0.02538629 0.00930681 0.00735107 0.00857666 0.00836541
  0.01124038 0.00620451]
 [0.0080201  0.0080201  0.0080201  0.0080201  0.0080201  0.0080201
  0.00824402 0.00768738 0.00855457 0.01493788 0.01551876 0.00828938
  0.01226719 0.00787247 0.83409655 0.00653465 0.00539914 0.00738221
  0.00696733 0.00812789]
 [0.00736371 0.00736233 0.00735702 0.00735489 0.00749422 0.00735885
  0.00746992 0.00724867 0.0075286  0.0074752  0.00717718 0.00719984
  0.00748579 0.00751973 0.00783819 0.00726126 0.00726298 0.85936844
  0.00745638 0.00741684]
 [0.01793489 0.00855728 0.00920592 0.03264579 0.01263958 0.01105555
  0.0245182  0.0089225  0.0087076  0.00897846 0.70700485 0.04603248
  0.02786546 0.01397809 0.02185126 0.01025631 0.00758812 0.00828879
  0.00820292 0.00576602]
 [0.01038847 0.00994109 0.01017934 0.0121339  0.01026816 0.00980661
  0.01338052 0.00896972 0.01009849 0.00827911 0.01038646 0.01485634
  0.00919208 0.01034879 0.0261861  0.45068243 0.00771486 0.3529246
  0.00796726 0.00629569]
 [0.00739283 0.00738609 0.00741307 0.00740004 0.00744261 0.0075504
  0.00735826 0.00757062 0.00738208 0.00737639 0.00749284 0.00732464
  0.00779914 0.00760311 0.00777509 0.00640356 0.00739712 0.8588922
  0.00719333 0.00784647]
 [0.00747961 0.8203538  0.00645098 0.0132777  0.02069696 0.01341565
  0.00577513 0.00610437 0.00673531 0.00942669 0.00656332 0.00837675
  0.01424934 0.00802524 0.02230404 0.00713698 0.00563939 0.00680992
  0.00542799 0.00575088]
 [0.00505304 0.00780891 0.00759836 0.00765518 0.0060361  0.02372725
  0.00840485 0.00714794 0.82603884 0.00762117 0.00778713 0.01135044
  0.00833284 0.02291633 0.01103844 0.00673344 0.00463658 0.00584246
  0.00666587 0.00760471]
 [0.00554065 0.00698004 0.00609967 0.00628361 0.00616961 0.00583273
  0.0059987  0.00596071 0.00628437 0.00658713 0.00639341 0.00667625
  0.00649722 0.00635264 0.00659408 0.00680222 0.00668666 0.87908113
  0.0057435  0.00743574]
 [0.04685972 0.0167971  0.01594854 0.0209804  0.00508602 0.00535578
  0.04877289 0.01339359 0.0111647  0.03866572 0.01908407 0.01594818
  0.01685517 0.19645047 0.00725027 0.00781102 0.47057483 0.01241787
  0.02328151 0.00730211]
 [0.03163791 0.02065361 0.03323875 0.5201793  0.01062236 0.02572216
  0.0281877  0.03967163 0.02508449 0.029471   0.03334854 0.03075222
  0.03033262 0.02856443 0.03385567 0.01543533 0.02359747 0.01977209
  0.00837936 0.01149335]
 [0.0088118  0.00608383 0.00731091 0.00911985 0.00677639 0.00810573
  0.00811806 0.00834359 0.00850394 0.0084898  0.00849949 0.00857789
  0.00851345 0.00944032 0.00933244 0.00827315 0.00738466 0.00805832
  0.8435906  0.00866569]
 [0.5700334  0.01955985 0.00710847 0.0238675  0.01315    0.022966
  0.02292778 0.02288945 0.02295112 0.02295112 0.02295112 0.02295112
  0.02295112 0.0280505  0.02928849 0.0257529  0.02680718 0.01242595
  0.04512611 0.01529083]
 [0.57579887 0.00976617 0.00969163 0.01948833 0.02295137 0.02271742
  0.02273806 0.02275061 0.02272812 0.02272812 0.02272812 0.02272812
  0.02272812 0.02206448 0.03023542 0.02273729 0.02600341 0.02443092
  0.02930569 0.02567976]]",0.8700019
