old_seqs,old_predicted_y,new_seqs,STORM_predicted_y,optimized_pwm,orig_model_predicted_y
AAKPQAKSYLPYRFLDYAAA,1.436903715133667,AAYRSPHHRGGATWQFDFAA,[0.9999997],"[[0.6733647  0.00608719 0.00783702 0.00744917 0.04207856 0.02549732
  0.00737711 0.00773145 0.02678103 0.00696308 0.00634296 0.04589365
  0.00779345 0.00549974 0.02228257 0.06352986 0.00709543 0.01505382
  0.00754534 0.00779664]
 [0.77753305 0.00772272 0.00633179 0.00635493 0.00551538 0.02414115
  0.02008921 0.00930739 0.00619177 0.00623778 0.00560467 0.00602889
  0.00422984 0.00765856 0.00930259 0.02214371 0.00754814 0.0075002
  0.00718049 0.05337777]
 [0.01334382 0.00633238 0.04107579 0.00621071 0.01146491 0.00910224
  0.0076981  0.02502267 0.02522659 0.00758729 0.0086949  0.00604071
  0.00812222 0.00797194 0.00590013 0.01411232 0.00806718 0.0622788
  0.72019935 0.00554799]
 [0.02195645 0.5639736  0.03283128 0.02329987 0.01789077 0.007496
  0.01318753 0.05723854 0.00852748 0.01848087 0.00662625 0.01303163
  0.00743656 0.0442111  0.0127362  0.01144222 0.01181264 0.01853873
  0.06049912 0.04878328]
 [0.01107927 0.04677555 0.00726013 0.00745882 0.00838964 0.04519822
  0.00679835 0.01485098 0.00914912 0.02685847 0.00919875 0.00715231
  0.03271164 0.00789338 0.0071794  0.68041784 0.02992626 0.01368566
  0.00712349 0.02089276]
 [0.00507099 0.00450245 0.00422512 0.00575231 0.00535816 0.00529838
  0.00473611 0.00462146 0.00543135 0.00474437 0.0057179  0.00557399
  0.00535854 0.00647834 0.8997976  0.00448163 0.00575311 0.00545454
  0.00574782 0.00589588]
 [0.01179185 0.00693624 0.00666307 0.00784406 0.01561072 0.01898708
  0.00541695 0.02296464 0.7460737  0.01056587 0.01211673 0.00760439
  0.00565604 0.00625758 0.05735858 0.00762668 0.01768427 0.01650912
  0.00509156 0.01124089]
 [0.0090325  0.01799248 0.0135305  0.00564098 0.00740749 0.00902761
  0.00662407 0.02333473 0.76260096 0.00473641 0.0081254  0.01474964
  0.00852271 0.01585617 0.02103973 0.00804774 0.00623504 0.01180603
  0.0051816  0.04050825]
 [0.02102222 0.73205066 0.04294811 0.02079595 0.00658795 0.00688059
  0.00766645 0.00862211 0.00641191 0.00575811 0.00620828 0.00751767
  0.01196373 0.01612452 0.00767154 0.01522108 0.01055767 0.03419694
  0.00499327 0.02680131]
 [0.00849094 0.01896849 0.0444288  0.0197817  0.04707555 0.01028855
  0.03409729 0.5043818  0.0118885  0.07296085 0.03869065 0.00761307
  0.05836733 0.0166151  0.00893759 0.00866255 0.00615361 0.01492417
  0.03977195 0.02790148]
 [0.03635161 0.0456737  0.06919655 0.04274461 0.00847274 0.03499435
  0.02045352 0.42468172 0.01064494 0.01682331 0.01288525 0.02735118
  0.01230535 0.0537813  0.03658428 0.04548415 0.0103373  0.01931442
  0.0117434  0.06017632]
 [0.4077343  0.0401596  0.0100589  0.00787823 0.03478383 0.03306408
  0.10772385 0.01329568 0.00686868 0.02428635 0.01354604 0.01146599
  0.07611953 0.00907806 0.03987172 0.03019673 0.03672966 0.01088112
  0.00880776 0.07744998]
 [0.02544773 0.01169054 0.01014193 0.00871866 0.01086388 0.00681321
  0.01761415 0.01058817 0.04735107 0.03291819 0.00732514 0.00938328
  0.03220512 0.0101243  0.01689045 0.03675815 0.60132647 0.00739917
  0.05442035 0.04202008]
 [0.00820172 0.00536619 0.01203291 0.0070406  0.00837371 0.00727294
  0.01052291 0.03636092 0.00804211 0.02773114 0.00936838 0.00973471
  0.00700988 0.0128249  0.0272945  0.02483276 0.04380361 0.7106192
  0.01377668 0.00979034]
 [0.01159196 0.04138233 0.03914922 0.02071351 0.02099758 0.04173721
  0.4417052  0.02961488 0.01531091 0.0065043  0.01465298 0.02256398
  0.04911857 0.00927607 0.07127237 0.00850487 0.01847191 0.05679236
  0.02524692 0.05539291]
 [0.00646702 0.00601681 0.00573905 0.00556713 0.00464675 0.00429194
  0.00497528 0.01890462 0.00474534 0.00505758 0.0052754  0.01321595
  0.00576216 0.85549384 0.00515335 0.00861629 0.01630503 0.01047902
  0.00929595 0.00399148]
 [0.02736222 0.00698001 0.01923884 0.6644704  0.00723774 0.00474746
  0.0100702  0.02484831 0.03048316 0.0086667  0.01095442 0.00787308
  0.02149838 0.00917852 0.0106042  0.01675359 0.020587   0.06720456
  0.02019832 0.01104289]
 [0.07541115 0.02016331 0.05655917 0.07958285 0.07093576 0.00761023
  0.0507735  0.01916317 0.01012873 0.01014873 0.0103727  0.00739521
  0.00959305 0.41630107 0.04366604 0.01211533 0.03977551 0.04238752
  0.01007438 0.00784255]
 [0.681687   0.00729145 0.02505958 0.00690516 0.0069142  0.00655892
  0.02496552 0.01724107 0.05019102 0.00505679 0.01354348 0.00793624
  0.00621671 0.00472479 0.00877281 0.00669166 0.03122533 0.03080847
  0.03108002 0.0271297 ]
 [0.62996244 0.047193   0.0757997  0.00870678 0.01032627 0.04617389
  0.02691396 0.0065488  0.02912647 0.00906349 0.0252782  0.00677153
  0.01261613 0.00742706 0.01123585 0.00998595 0.0080343  0.00774538
  0.00610135 0.01498937]]",0.6476298
AAHKPHAKSYLSYRILDYAA,2.0855391025543213,AAYRSPHHRGGATWQFDFAA,[0.99999976],"[[0.673205   0.0060879  0.00785174 0.00745016 0.04209644 0.02551567
  0.00737492 0.00773336 0.02680845 0.00696557 0.00634587 0.04597128
  0.00779393 0.00550462 0.02227485 0.06356662 0.00709577 0.01501626
  0.00754116 0.00780046]
 [0.7777881  0.00768044 0.00632631 0.00635014 0.00551029 0.02411503
  0.02006382 0.00929997 0.00617887 0.00623222 0.00559983 0.006028
  0.00422499 0.00765483 0.00929016 0.02209728 0.00753873 0.00749259
  0.0071725  0.05335595]
 [0.01334831 0.00633159 0.04109181 0.00620585 0.01147918 0.00909782
  0.00769753 0.0249799  0.02526317 0.00758757 0.00869427 0.00603968
  0.00812531 0.00797212 0.00589384 0.01410983 0.00806789 0.06244793
  0.7200185  0.00554793]
 [0.02198443 0.5640323  0.03280904 0.02329313 0.01802126 0.00749429
  0.01318054 0.05721691 0.00852859 0.01847052 0.00662811 0.01303733
  0.00743655 0.04414938 0.01273422 0.01143476 0.01179901 0.01847948
  0.0605173  0.04875284]
 [0.01109342 0.0467367  0.00726192 0.00747077 0.0083878  0.04518025
  0.00684994 0.0148726  0.00914673 0.02684653 0.00920621 0.0071571
  0.03271979 0.00789565 0.00718067 0.6804096  0.02988593 0.01367305
  0.00712499 0.02090021]
 [0.0050699  0.00450098 0.00422452 0.00574973 0.00535681 0.00529744
  0.00473459 0.00461989 0.00542969 0.00474313 0.00571655 0.00557255
  0.0053568  0.00648211 0.8998221  0.0044801  0.00575123 0.00545274
  0.00574612 0.00589307]
 [0.01182088 0.00693717 0.00666092 0.00784996 0.01565576 0.01901888
  0.00541573 0.02296096 0.74603325 0.01054848 0.01208861 0.0076048
  0.00565569 0.00625723 0.05739291 0.00762535 0.01766586 0.01649579
  0.00509005 0.01122175]
 [0.00904158 0.01803109 0.01354039 0.00564336 0.00740639 0.00904308
  0.00662695 0.02334941 0.76230705 0.00473998 0.00813    0.01478754
  0.00853602 0.01586013 0.0211002  0.00805348 0.00624007 0.01181137
  0.0051842  0.04056782]
 [0.02103743 0.73229283 0.04260129 0.02083256 0.00659653 0.00688272
  0.0076667  0.00861519 0.00641055 0.00576046 0.00620855 0.0075148
  0.01200371 0.01610799 0.00767331 0.01522811 0.01055891 0.03417219
  0.00499345 0.02684258]
 [0.00847638 0.01898282 0.04444668 0.01977408 0.04694346 0.01028863
  0.03407114 0.50478506 0.01187359 0.07287065 0.03857888 0.00762069
  0.05836873 0.01658198 0.00893887 0.00866529 0.00615175 0.01494155
  0.0397244  0.02791539]
 [0.03630757 0.04563718 0.06907325 0.04275381 0.00847592 0.03498654
  0.02043712 0.4251     0.01060088 0.01682472 0.01286477 0.02737746
  0.01231218 0.05378919 0.03649731 0.04538361 0.01035242 0.01932303
  0.01174894 0.06015407]
 [0.40801865 0.04009807 0.01007482 0.00787444 0.03476386 0.03301787
  0.1077813  0.01328921 0.00686836 0.02428242 0.01345688 0.01145854
  0.07603473 0.00907376 0.03991661 0.03020208 0.0367345  0.01088838
  0.00880768 0.07735784]
 [0.02548708 0.01171229 0.01015382 0.00871867 0.0108726  0.00681229
  0.01760347 0.01058019 0.04718399 0.03293255 0.00732831 0.00938045
  0.03232126 0.01011426 0.01683403 0.03679789 0.60126305 0.00743213
  0.054437   0.04203466]
 [0.0082045  0.00533987 0.01194605 0.00703315 0.00836677 0.00726436
  0.01053411 0.03653597 0.00804944 0.02773913 0.00937311 0.00974398
  0.0070066  0.01275639 0.02730748 0.02476835 0.04387166 0.71058756
  0.01376679 0.00980476]
 [0.01160525 0.04141045 0.03904796 0.02066506 0.02097377 0.04171849
  0.44173354 0.02960079 0.01529721 0.00650679 0.01467507 0.02263949
  0.04910545 0.00928287 0.07125621 0.00851538 0.01847085 0.05678426
  0.02521519 0.05549581]
 [0.006482   0.00602274 0.0057465  0.0055894  0.00465553 0.00434335
  0.00498176 0.01871042 0.0047555  0.00506254 0.00527963 0.01320248
  0.00577074 0.8555257  0.00516059 0.00863889 0.01630495 0.01046817
  0.00930655 0.00399275]
 [0.02724275 0.00698188 0.01926263 0.6642348  0.00724234 0.00475292
  0.01010942 0.02496402 0.0305447  0.00867298 0.01095094 0.00788325
  0.02150161 0.00917879 0.01066879 0.01678328 0.0205618  0.06728078
  0.02014662 0.01103581]
 [0.07538906 0.02017925 0.05645202 0.07964402 0.07090379 0.00760597
  0.05073568 0.01915323 0.01011189 0.01012998 0.01036416 0.00738971
  0.0095935  0.41643345 0.04367752 0.01213892 0.03973381 0.04239408
  0.0101294  0.00784052]
 [0.68191457 0.00729153 0.02512395 0.00690136 0.0069115  0.0065579
  0.02502266 0.01702686 0.05024998 0.00505581 0.01349882 0.00793015
  0.0062102  0.00472481 0.00875745 0.00669219 0.03133484 0.0307674
  0.03102637 0.02700169]
 [0.6297999  0.04718709 0.07577898 0.00870625 0.01032304 0.04633591
  0.02687312 0.00654213 0.02919863 0.0090533  0.02529465 0.00677534
  0.0126059  0.00740972 0.01120133 0.00998036 0.00805278 0.00774875
  0.00609751 0.01503521]]",0.6476298
AAYRSPHHRGGATWQFDFAA,0.6476297974586487,AAYRSPHHRGGATWQFDFAA,[0.9999997],"[[0.6737598  0.00607517 0.00785676 0.00744828 0.04201628 0.02548248
  0.00737024 0.00772965 0.02678468 0.00696568 0.00634518 0.04567954
  0.00778637 0.00550277 0.02224592 0.06349099 0.00709167 0.01504016
  0.00753501 0.00779338]
 [0.77740836 0.00770609 0.00633838 0.00635409 0.00551967 0.0241807
  0.02006058 0.00931108 0.00617121 0.00623888 0.00560471 0.00603088
  0.00424133 0.00765358 0.0093061  0.02214858 0.0075437  0.00750845
  0.00718179 0.05349189]
 [0.01336228 0.00633862 0.04107394 0.00622683 0.01142885 0.00912513
  0.00770082 0.0250945  0.0251643  0.00759512 0.00869601 0.00604751
  0.00812695 0.00797611 0.00589432 0.01408933 0.0080837  0.06227484
  0.7201487  0.00555216]
 [0.02193368 0.5640473  0.03285914 0.02327173 0.01782087 0.00749454
  0.01321876 0.05723972 0.00853644 0.01851371 0.00661712 0.01305582
  0.00745263 0.04417636 0.01274075 0.01143507 0.01180335 0.01853153
  0.06050165 0.04874982]
 [0.01110295 0.04679157 0.00722868 0.00741752 0.00840192 0.04520003
  0.00678356 0.01490132 0.00916241 0.02684646 0.00921171 0.0071504
  0.03273719 0.007906   0.00717706 0.68037164 0.0298992  0.0136979
  0.00712809 0.02088439]
 [0.00507276 0.00450598 0.00421249 0.00575383 0.00535886 0.00529932
  0.00473339 0.00462022 0.00543287 0.00474563 0.00572011 0.00557547
  0.00535801 0.00648442 0.8997886  0.00448204 0.00575386 0.00545604
  0.00574886 0.00589717]
 [0.01177087 0.00693132 0.00666752 0.00786112 0.01573325 0.01892004
  0.00541035 0.02299339 0.74598616 0.01057866 0.01214837 0.00760504
  0.00565588 0.00625709 0.05736647 0.00762766 0.01765756 0.01651085
  0.00508807 0.01123026]
 [0.00901762 0.017889   0.01350965 0.00561698 0.00740239 0.00898946
  0.00662747 0.0233745  0.76290196 0.00474332 0.00812022 0.01471564
  0.00851388 0.01582236 0.02098697 0.00804417 0.00621404 0.0118004
  0.00518296 0.04052706]
 [0.02092931 0.73188585 0.04306665 0.02088501 0.00661891 0.00688104
  0.00767231 0.00864073 0.00641661 0.00575727 0.00620054 0.00751847
  0.01195554 0.01613702 0.00767109 0.01521004 0.01055245 0.03421075
  0.00499666 0.02679384]
 [0.00845376 0.01893484 0.04449697 0.01978507 0.04731964 0.01029207
  0.03412642 0.5039073  0.01188619 0.07314394 0.03861421 0.00761827
  0.05830938 0.01663297 0.00894044 0.00865953 0.00616397 0.01493273
  0.0398544  0.0279279 ]
 [0.03629429 0.04570056 0.06986189 0.04276694 0.00848456 0.03494919
  0.02046391 0.42416286 0.0106847  0.01677197 0.01288262 0.02730814
  0.01233025 0.05374921 0.03661722 0.04546967 0.01035167 0.01930526
  0.01172491 0.06012017]
 [0.40764955 0.04023612 0.01007724 0.00789768 0.03482911 0.03282012
  0.1078773  0.0132988  0.0068606  0.02417375 0.01358365 0.01146697
  0.07619523 0.00909024 0.03982342 0.03016536 0.03674068 0.01089504
  0.00882779 0.07749135]
 [0.02539776 0.01173526 0.01014458 0.00872346 0.01084673 0.00680979
  0.01763393 0.01058122 0.04731195 0.03287532 0.00732712 0.00938255
  0.03221803 0.01014343 0.01688126 0.03667176 0.60130656 0.00746785
  0.05452443 0.04201706]
 [0.00819276 0.00536626 0.01216858 0.00703978 0.00836963 0.00727275
  0.01058874 0.03620536 0.00805873 0.02772714 0.00936735 0.00972249
  0.00700663 0.01282214 0.0272914  0.02489562 0.04383545 0.71051985
  0.01375838 0.009791  ]
 [0.01156697 0.04137037 0.03919194 0.02077626 0.02101095 0.04166277
  0.4419922  0.02958379 0.01532154 0.0065203  0.01464916 0.02256518
  0.04909015 0.00927654 0.07120676 0.0085034  0.01845886 0.05677065
  0.02522293 0.0552593 ]
 [0.00645165 0.00602615 0.00573779 0.00558499 0.00465331 0.00429539
  0.00494964 0.018978   0.00474267 0.00505298 0.00527633 0.01320829
  0.00576639 0.85540813 0.00515524 0.00862988 0.01633611 0.01047369
  0.00927787 0.00399545]
 [0.0273545  0.00698955 0.01915215 0.66431683 0.00723824 0.00475489
  0.01008475 0.02485228 0.03052714 0.00867171 0.01097342 0.00787687
  0.02144888 0.00918198 0.01067694 0.01679101 0.02045493 0.06739883
  0.02022923 0.0110259 ]
 [0.07541367 0.02006675 0.05659951 0.07949649 0.07088737 0.00760556
  0.05078149 0.01916614 0.01012523 0.01013721 0.01036428 0.0073886
  0.00959683 0.41634345 0.04372539 0.01219571 0.03977676 0.04243048
  0.01005581 0.0078433 ]
 [0.6816242  0.00729929 0.02506668 0.00690028 0.00691625 0.00656131
  0.02496176 0.01719973 0.05020021 0.00504656 0.01350092 0.00793213
  0.00621589 0.00472828 0.00876336 0.00669125 0.03111647 0.03100438
  0.03119551 0.02707561]
 [0.629881   0.04718183 0.07565141 0.00871184 0.01034816 0.04607857
  0.02695227 0.00655597 0.02920998 0.00907376 0.02533177 0.00679088
  0.01261441 0.00743343 0.01125434 0.00995951 0.00805345 0.00774559
  0.00610727 0.01506457]]",0.6476298
AAAGAWDPRTPYIPFDYAAA,1.5529989004135132,AAYRSPHHRGGATWQFDFAA,[0.99999964],"[[0.6734702  0.00608664 0.0078613  0.00744862 0.04210696 0.02548885
  0.0073772  0.00773032 0.02677785 0.00696481 0.00635083 0.04576464
  0.00778719 0.00550771 0.0222725  0.06351516 0.00709206 0.01506361
  0.00753901 0.00779459]
 [0.77752554 0.00771635 0.00633457 0.00635313 0.00551751 0.02413563
  0.02011961 0.00929998 0.00618411 0.00623773 0.00560504 0.00603005
  0.00422389 0.00766492 0.00928589 0.02216829 0.00753849 0.00749108
  0.00717782 0.05339047]
 [0.01333355 0.00633226 0.04110052 0.00621028 0.01145761 0.00910259
  0.00769947 0.02503124 0.0252064  0.00758985 0.00869012 0.0060418
  0.00812804 0.00797162 0.00589737 0.01412258 0.00807402 0.06242325
  0.7200385  0.00554889]
 [0.02195681 0.56399184 0.03286756 0.02330163 0.01789802 0.00749381
  0.0131798  0.05722906 0.00853175 0.01847804 0.00662668 0.01306464
  0.00743722 0.04413576 0.01274744 0.01143348 0.0118134  0.01846844
  0.06054712 0.04879748]
 [0.01107825 0.04681314 0.00722784 0.00742324 0.00840046 0.0451884
  0.0068036  0.01486918 0.00916317 0.02686733 0.00920375 0.00715807
  0.03274875 0.00789622 0.00717884 0.6804167  0.02985346 0.0136795
  0.00712627 0.02090374]
 [0.0050706  0.0045011  0.00422455 0.00575235 0.00535758 0.00529675
  0.00473545 0.00461953 0.00543043 0.00474319 0.00571652 0.00557279
  0.00535748 0.00648309 0.8998101  0.00448067 0.00575167 0.00545443
  0.00574642 0.00589531]
 [0.01181345 0.00693627 0.00666248 0.00785575 0.0155931  0.01898577
  0.00541789 0.02300489 0.7459837  0.01055137 0.0121582  0.00760375
  0.00565543 0.00625711 0.05738162 0.0076269  0.01766552 0.01651573
  0.00508917 0.01124185]
 [0.0090265  0.01796861 0.01350674 0.00564643 0.00740098 0.00902003
  0.00661972 0.02330382 0.76281494 0.00473176 0.00811855 0.01474313
  0.00851433 0.01583662 0.02100945 0.00804265 0.00622155 0.0118097
  0.00517099 0.04049351]
 [0.02097545 0.7320538  0.04309722 0.02081015 0.00658131 0.00687564
  0.00766169 0.00862376 0.00640869 0.00575446 0.00620197 0.00751713
  0.01197517 0.01608763 0.00767063 0.01522056 0.01054845 0.034182
  0.00498941 0.02676488]
 [0.00850094 0.01898528 0.04446632 0.01984547 0.04712629 0.01028157
  0.03405049 0.50432456 0.01190129 0.07298978 0.03854743 0.00761583
  0.05827596 0.01662826 0.00894713 0.00866195 0.00615361 0.01494845
  0.03979212 0.02795729]
 [0.03634505 0.0456708  0.06938491 0.04275037 0.00847917 0.03501043
  0.02044529 0.4244562  0.01067871 0.01680524 0.01287391 0.02735649
  0.01231182 0.05376942 0.03653715 0.04554741 0.01037389 0.01929324
  0.01172691 0.06018357]
 [0.4076338  0.04016987 0.01006007 0.00787957 0.03478371 0.03308903
  0.10765856 0.01330525 0.00687032 0.02421144 0.01356013 0.01147334
  0.07619443 0.0090797  0.03989534 0.03021181 0.03675985 0.01086155
  0.00880148 0.07750083]
 [0.02545535 0.01171057 0.01015413 0.00872534 0.01082703 0.00680738
  0.01764561 0.01058937 0.04734445 0.03292526 0.00733215 0.00938903
  0.0321683  0.01014561 0.01684076 0.03670011 0.60142046 0.00738267
  0.05442638 0.04200999]
 [0.00820644 0.00538496 0.01203968 0.00703683 0.00837494 0.00727197
  0.01053924 0.03622824 0.00805854 0.02772224 0.0093699  0.00972717
  0.00700717 0.01283106 0.0272578  0.02491884 0.04380774 0.7106393
  0.01378711 0.00979089]
 [0.01159293 0.04137082 0.03916319 0.02070211 0.02098604 0.04175048
  0.4416738  0.02966995 0.01531932 0.00651868 0.01463574 0.02255622
  0.04914011 0.0092905  0.0712731  0.00850242 0.01849033 0.05681235
  0.02518702 0.05536487]
 [0.00649741 0.00602298 0.00574513 0.00557547 0.00465216 0.00431371
  0.00499504 0.01886454 0.00475393 0.00506323 0.00527906 0.01321926
  0.00576577 0.85536736 0.00515692 0.00858127 0.01633837 0.01050044
  0.00932049 0.00398743]
 [0.02738715 0.00698175 0.01922071 0.6644421  0.00723873 0.0047452
  0.01007078 0.02480915 0.03051858 0.00866681 0.01096308 0.00787565
  0.02148673 0.0091742  0.01066094 0.01680325 0.02056523 0.06715617
  0.02018884 0.01104492]
 [0.07541556 0.0200743  0.05660199 0.07952523 0.07094888 0.00760679
  0.05069318 0.01915371 0.01012703 0.01012543 0.01036096 0.00739295
  0.00959855 0.41637942 0.04365731 0.01215051 0.03981528 0.04241391
  0.0101125  0.00784654]
 [0.68162704 0.00729447 0.02503122 0.00690589 0.00691788 0.00656155
  0.02496888 0.01721363 0.05023063 0.00504943 0.01350971 0.00792996
  0.00621637 0.0047381  0.00877939 0.00669444 0.03116879 0.03086327
  0.03116625 0.02713309]
 [0.6299023  0.04720088 0.07584803 0.00870592 0.01032468 0.0461742
  0.02690353 0.00654905 0.02915056 0.0090639  0.0252826  0.00676322
  0.01261153 0.00742946 0.0112578  0.00997121 0.00802768 0.00774656
  0.00611483 0.01497206]]",0.6476298
AAQFPGIGFLLSTERFDYAA,0.5062392950057983,AAYRSPHHRGGATWQFDFAA,[0.99999976],"[[0.67346025 0.00608082 0.00788022 0.00745409 0.04204906 0.02552459
  0.00737809 0.00773726 0.02681834 0.00697463 0.00635572 0.04575679
  0.00779554 0.00549956 0.0222715  0.06346984 0.00709696 0.01505705
  0.00754159 0.0077981 ]
 [0.7775754  0.00769801 0.00633691 0.00635288 0.00551797 0.02414752
  0.02001755 0.00931496 0.00617125 0.0062375  0.00560261 0.00603679
  0.00423883 0.00766129 0.00929486 0.02213599 0.0075369  0.00749563
  0.00717791 0.05344937]
 [0.01336141 0.00634026 0.04112933 0.00620574 0.01145043 0.00911983
  0.00770371 0.02503305 0.02518376 0.00759813 0.00869774 0.00604983
  0.00813361 0.00797644 0.00589719 0.01411042 0.00809406 0.06237042
  0.7199901  0.00555454]
 [0.02196118 0.564042   0.03282553 0.02327911 0.01787611 0.00749814
  0.01322339 0.05723822 0.00853788 0.0185165  0.00662284 0.01304777
  0.00745508 0.04418927 0.01274628 0.01143739 0.01180412 0.01851689
  0.06044232 0.04874006]
 [0.01106523 0.04679174 0.00722909 0.0073978  0.00839583 0.04514755
  0.00683252 0.01493261 0.00916122 0.02686641 0.00921431 0.00715738
  0.0327578  0.00790881 0.00717837 0.6803903  0.02986981 0.01370105
  0.00713159 0.02087064]
 [0.00507335 0.00450594 0.00421915 0.00575359 0.00535956 0.00529949
  0.00473484 0.0046212  0.00543284 0.00474593 0.00572064 0.00557627
  0.0053584  0.00648231 0.8997758  0.00448413 0.00575343 0.00545711
  0.0057493  0.0058966 ]
 [0.01176471 0.00693386 0.00666807 0.00786179 0.01570391 0.01895308
  0.0054121  0.02300562 0.74596924 0.01058988 0.01215525 0.00760606
  0.00565848 0.00625832 0.05733963 0.0076275  0.01766373 0.01650758
  0.00508792 0.01123334]
 [0.00903026 0.01793698 0.01355264 0.00562002 0.00740954 0.00899474
  0.00663063 0.02336167 0.76270676 0.00474528 0.00812779 0.01475389
  0.00851762 0.01583212 0.02101536 0.00804959 0.00622125 0.01180653
  0.00517952 0.04050795]
 [0.0209462  0.73199564 0.04287573 0.02088966 0.00663205 0.00688586
  0.00767417 0.00862644 0.00641703 0.0057616  0.00620926 0.00751666
  0.01197154 0.01609418 0.00767288 0.01522645 0.01055518 0.03423958
  0.00499986 0.02681004]
 [0.00846679 0.01893001 0.04457323 0.01976866 0.04717809 0.01030235
  0.0341217  0.504205   0.0118808  0.07303222 0.03850684 0.0076224
  0.05831725 0.01663862 0.00893524 0.00865944 0.00616007 0.01493728
  0.03983194 0.02793209]
 [0.03627849 0.0456383  0.06967584 0.04279387 0.00847887 0.03492654
  0.02044332 0.42453957 0.01066779 0.01679983 0.01286027 0.02731671
  0.01237622 0.05375278 0.03656935 0.04540284 0.01035193 0.01929101
  0.01172017 0.06011621]
 [0.4076058  0.04017515 0.01009537 0.00789674 0.03478573 0.03283005
  0.10797516 0.0132835  0.00686433 0.0241504  0.01351743 0.01146811
  0.07611052 0.00909119 0.03989209 0.0302349  0.03677181 0.01087719
  0.00882408 0.07755044]
 [0.02540621 0.01170334 0.01012695 0.00871496 0.01087369 0.00679962
  0.01758387 0.01058051 0.04742234 0.03284742 0.00732178 0.00937678
  0.03222928 0.01012171 0.0168876  0.03681083 0.60129285 0.00743688
  0.05446109 0.04200222]
 [0.00819839 0.00537474 0.01212312 0.0070353  0.00837145 0.00727042
  0.01053984 0.03635165 0.0080517  0.02774233 0.00935874 0.00972445
  0.00700443 0.01283343 0.02729724 0.02494645 0.04378921 0.71045357
  0.01374073 0.00979273]
 [0.01157898 0.0413594  0.0391031  0.02071579 0.02102573 0.04171226
  0.4419468  0.02955127 0.01530741 0.00651511 0.01464631 0.02268337
  0.04906028 0.00928434 0.07121862 0.00850506 0.01846015 0.05677386
  0.02527194 0.05528019]
 [0.00644572 0.00602286 0.00574291 0.00556794 0.00464979 0.00430841
  0.00495041 0.01887533 0.00474732 0.00505468 0.00527366 0.01318052
  0.00575975 0.8555373  0.00515478 0.00862228 0.01633494 0.01049357
  0.00928406 0.00399388]
 [0.02728024 0.00698778 0.01918132 0.6642518  0.00724662 0.00475128
  0.01010383 0.02493097 0.03051895 0.00867329 0.01096141 0.00787456
  0.02145182 0.0091831  0.01069254 0.01681812 0.02050108 0.0674025
  0.02020759 0.01098123]
 [0.07536595 0.02001675 0.05654229 0.07966115 0.0708565  0.00760606
  0.05073649 0.01918441 0.01011414 0.01013599 0.01035887 0.00738816
  0.00959803 0.4163748  0.04376822 0.01217984 0.03975604 0.04239908
  0.0101145  0.00784273]
 [0.6817183  0.0073034  0.02508769 0.00690022 0.00691923 0.00656536
  0.0250036  0.01705805 0.05029938 0.00504346 0.01348864 0.00793003
  0.00621413 0.0047342  0.00876076 0.00669631 0.03120418 0.03087284
  0.03117482 0.02702538]
 [0.6299337  0.04712548 0.07566238 0.00871587 0.01034426 0.04616234
  0.0268744  0.00655566 0.02924169 0.00906712 0.0253318  0.00680412
  0.01261652 0.00742791 0.01125104 0.00996792 0.00804695 0.00775195
  0.00611761 0.01500128]]",0.6476298
