old_seqs,old_predicted_y,new_seqs,STORM_predicted_y,optimized_pwm,orig_model_predicted_y
AAAHKWWDSPDPPRLLDYAA,0.33657222986221313,AAAAFQMVMFHGLDYAAAAA,[1.0000001],"[[0.838144   0.00733027 0.00756863 0.00787529 0.00725121 0.00736241
  0.00886889 0.00779554 0.00816822 0.00731081 0.00820432 0.00753395
  0.00792005 0.0149375  0.00815868 0.00780318 0.0090308  0.00756842
  0.00999524 0.01117251]
 [0.549343   0.04531643 0.02512938 0.03584512 0.01473595 0.01566528
  0.0188464  0.03135614 0.02223607 0.01343378 0.01498032 0.01351909
  0.01387367 0.02286748 0.03240865 0.01396282 0.02940934 0.02160788
  0.0352725  0.03019078]
 [0.7764035  0.00838986 0.00791901 0.01510663 0.01198745 0.01368841
  0.02102342 0.00939554 0.01573834 0.00740211 0.01254965 0.00800785
  0.00843312 0.00887352 0.01858559 0.00914997 0.00877905 0.02000491
  0.00962083 0.00894124]
 [0.7285783  0.0309382  0.02683058 0.01191647 0.00959208 0.01324787
  0.00825019 0.01176573 0.00981704 0.0103928  0.01159656 0.01028578
  0.02141617 0.01018649 0.01050697 0.00945777 0.01177509 0.01696545
  0.01133311 0.02514733]
 [0.03449245 0.01088044 0.01322259 0.02773528 0.01422695 0.01238027
  0.01949419 0.02000955 0.02334454 0.0254955  0.01292818 0.0175316
  0.02916102 0.6092796  0.02263897 0.02999577 0.02679606 0.01168295
  0.02620698 0.01249711]
 [0.01076735 0.02632425 0.02565929 0.02619565 0.01269655 0.01294522
  0.58328253 0.02402939 0.01838207 0.03123026 0.03143322 0.01168989
  0.02424339 0.0308339  0.01297292 0.02248338 0.00910592 0.02443846
  0.03376392 0.02752239]
 [0.0117831  0.01151526 0.03370317 0.02973447 0.02621491 0.01204407
  0.01617505 0.01287929 0.01931239 0.01636279 0.01284045 0.0145775
  0.6455115  0.0275411  0.02525353 0.01108763 0.01118576 0.02068542
  0.0314853  0.01010731]
 [0.00847159 0.01116966 0.00962396 0.0097509  0.01954384 0.00944261
  0.01054142 0.01063184 0.01013306 0.01131187 0.0210058  0.01096625
  0.01085837 0.01165227 0.00989524 0.02401781 0.00914666 0.01890776
  0.00850459 0.76442444]
 [0.00944086 0.00970462 0.00909362 0.00922164 0.01984452 0.0141942
  0.00870163 0.00912373 0.02155842 0.01632089 0.01987114 0.01349679
  0.7478841  0.01577185 0.01929367 0.01009871 0.01972827 0.0089548
  0.00868543 0.00901113]
 [0.02076879 0.02260559 0.01600323 0.02961574 0.02632345 0.01174198
  0.02761412 0.02500802 0.02405846 0.020344   0.02814828 0.03246462
  0.0288801  0.57978326 0.01884743 0.02105496 0.01849513 0.01018773
  0.0116265  0.02642871]
 [0.02093429 0.02469261 0.01276999 0.0280547  0.02792535 0.02532127
  0.01498932 0.01792173 0.58140707 0.02198042 0.02741473 0.02706215
  0.02682601 0.02234231 0.02398119 0.0215784  0.02323722 0.01409627
  0.01557704 0.02188792]
 [0.01698026 0.02432144 0.0123077  0.02432835 0.01648401 0.01386375
  0.0246945  0.61796814 0.02793694 0.01057082 0.0124775  0.02769307
  0.0250466  0.02974859 0.01306125 0.02169474 0.01083422 0.02170811
  0.01854278 0.02973719]
 [0.01403584 0.01424529 0.02322883 0.01058734 0.03381332 0.01621537
  0.02564533 0.01562392 0.0209955  0.01121848 0.6506104  0.01094065
  0.03293617 0.01367446 0.01327748 0.012455   0.01417062 0.02298113
  0.02865692 0.01468802]
 [0.02530636 0.0169327  0.01918134 0.55224365 0.03042554 0.02451363
  0.01560777 0.01862213 0.02470638 0.02824168 0.02477122 0.02906149
  0.02631159 0.01342811 0.02844357 0.03101182 0.02485393 0.01317705
  0.0279685  0.02519146]
 [0.01590729 0.02368069 0.01210446 0.01931347 0.01307991 0.01628315
  0.02956122 0.02833112 0.03578664 0.02955735 0.0264083  0.01496954
  0.03353461 0.03612198 0.02643829 0.02518662 0.01790293 0.01889982
  0.5456184  0.03131413]
 [0.83133465 0.00837452 0.00888213 0.00786585 0.00773796 0.00807749
  0.01051678 0.00789186 0.0086765  0.0090025  0.00784684 0.00817407
  0.00937037 0.00907988 0.01609835 0.00920266 0.00708537 0.00839639
  0.00792713 0.00845868]
 [0.8344023  0.00716839 0.0076628  0.0158046  0.00910914 0.00701151
  0.00863492 0.00741246 0.00775895 0.00844138 0.00952568 0.00725177
  0.00789136 0.01459405 0.00853444 0.00798963 0.00682457 0.0071786
  0.00725954 0.00954394]
 [0.827472   0.00892027 0.00863465 0.00744099 0.0090129  0.009233
  0.00955884 0.0140095  0.00778272 0.00828477 0.00839168 0.00903106
  0.00922915 0.00890477 0.00937341 0.00989631 0.00798556 0.00870095
  0.00871705 0.00942056]
 [0.7804494  0.00909782 0.00923327 0.00782951 0.00867875 0.01637512
  0.00784771 0.01565166 0.01484502 0.00747432 0.01664484 0.00839233
  0.01635851 0.01609535 0.01451073 0.01359131 0.01053199 0.00774475
  0.01021345 0.00843418]
 [0.812994   0.0095378  0.00984935 0.00933785 0.00943502 0.00863633
  0.00974677 0.00851029 0.00978208 0.00921615 0.00928506 0.00943116
  0.00915079 0.01015574 0.01001872 0.01156243 0.00946807 0.00978667
  0.00803757 0.01605811]]",0.5700966
AAAAAPTEWHVYFDYAAAAA,-0.12069455534219742,AAAAFQMVMFHGLDYAAAAA,[1.],"[[0.8380201  0.00732034 0.00757299 0.00787207 0.00725739 0.00736496
  0.00890297 0.00779421 0.00816207 0.00731024 0.00822277 0.00753475
  0.0079146  0.01504494 0.0081583  0.007796   0.00903017 0.00756659
  0.00997779 0.01117664]
 [0.55045915 0.04515401 0.0252082  0.03574649 0.01475666 0.01568108
  0.01880227 0.03113408 0.02216171 0.01344714 0.01491196 0.01352584
  0.01386213 0.02253125 0.03249988 0.01391657 0.02919293 0.02164045
  0.03526537 0.03010281]
 [0.77419657 0.0084457  0.0080217  0.01518745 0.01211771 0.01378088
  0.02122474 0.00942262 0.01576523 0.00748209 0.01268523 0.0080957
  0.00847717 0.00893162 0.01878136 0.00922208 0.008979   0.02025037
  0.00976921 0.00916366]
 [0.72816646 0.03090656 0.02686294 0.01193614 0.00960616 0.01322648
  0.00822786 0.01178993 0.00984662 0.01041062 0.01168417 0.01029223
  0.02133975 0.01019624 0.01052674 0.00948356 0.01183403 0.01705342
  0.01139971 0.02521032]
 [0.03450292 0.01086685 0.01319147 0.02788468 0.01419625 0.01234375
  0.01953124 0.02009424 0.0233621  0.02556624 0.01295686 0.01750809
  0.02913342 0.60903835 0.02266978 0.02975699 0.02694849 0.01160061
  0.02635374 0.01249394]
 [0.01076013 0.02643086 0.02558879 0.02622362 0.01271995 0.01296275
  0.5832341  0.02398815 0.01832335 0.03120036 0.03148317 0.01168384
  0.02430002 0.03087056 0.01295821 0.02230378 0.00911297 0.02449694
  0.03374222 0.02761629]
 [0.01179621 0.01151639 0.03368367 0.02979813 0.0262427  0.01204205
  0.01619228 0.01288447 0.0193305  0.01639969 0.01281677 0.0144733
  0.6452144  0.0275935  0.02535466 0.01111249 0.01116393 0.02073773
  0.03148505 0.01016206]
 [0.00847025 0.01119041 0.00966618 0.0097633  0.0195515  0.00942566
  0.01054395 0.01063342 0.01013264 0.0113176  0.02108742 0.0109769
  0.01085825 0.0116713  0.00989561 0.02411441 0.00917181 0.0189792
  0.00850863 0.76404154]
 [0.00942748 0.00966835 0.00908103 0.0091969  0.01980619 0.01413932
  0.00868548 0.00910707 0.021598   0.01629082 0.01986968 0.01344051
  0.7482231  0.01576586 0.01930823 0.01009281 0.01969405 0.00894089
  0.00866875 0.00899547]
 [0.02079025 0.02259546 0.01601119 0.02965035 0.0263421  0.01173045
  0.02760542 0.02494637 0.02405557 0.02035612 0.02817886 0.03247548
  0.02889734 0.57977283 0.01890966 0.02105746 0.01843637 0.0101816
  0.01158131 0.02642586]
 [0.02094799 0.02470244 0.01275651 0.02807239 0.02795013 0.02533624
  0.01497471 0.01791293 0.58124167 0.02198701 0.02743621 0.02714859
  0.0268352  0.02236726 0.02396728 0.02158726 0.02320754 0.01410467
  0.01558655 0.0218773 ]
 [0.01698075 0.0243081  0.01229734 0.02434695 0.01651191 0.01385939
  0.02471641 0.61801106 0.02792109 0.01054364 0.01247641 0.02770405
  0.02505188 0.02976453 0.01305292 0.02167796 0.01081202 0.02166793
  0.0185212  0.02977451]
 [0.01413084 0.01423076 0.02320186 0.01061987 0.03386398 0.01633996
  0.02568634 0.0156407  0.02097734 0.01121239 0.6500985  0.0109412
  0.03300929 0.01368749 0.01329022 0.01246022 0.01418396 0.0230147
  0.02870566 0.01470474]
 [0.02522833 0.01692759 0.01913874 0.5524746  0.03034759 0.02453825
  0.01560292 0.01862327 0.02473031 0.0282718  0.02479023 0.0290775
  0.02632428 0.01338201 0.0284462  0.03102399 0.02481518 0.01312029
  0.02796681 0.0251701 ]
 [0.01601095 0.02370432 0.01209112 0.01942981 0.01304122 0.01626136
  0.02954163 0.02835587 0.03584688 0.02958747 0.02638163 0.01497523
  0.03354012 0.03613102 0.02647866 0.02519308 0.0178237  0.01884734
  0.5454364  0.03132214]
 [0.8312976  0.00837274 0.00888542 0.00786753 0.00773893 0.00807122
  0.01055338 0.00789031 0.00867723 0.00900883 0.00784256 0.00817162
  0.00939005 0.00907583 0.0161068  0.00919553 0.00707725 0.00838845
  0.00792363 0.00846515]
 [0.8345676  0.0071529  0.00765013 0.0159044  0.00910272 0.00699352
  0.00863995 0.00741023 0.00774634 0.00844068 0.00950098 0.00723366
  0.00787627 0.01455328 0.0085256  0.00797934 0.00680782 0.00714898
  0.00723805 0.00952748]
 [0.8281733  0.00888801 0.00860154 0.00741647 0.00899091 0.00920821
  0.00954108 0.01390327 0.00775828 0.00826062 0.00834056 0.00899998
  0.00916999 0.00886894 0.00933785 0.00986812 0.0079557  0.00866786
  0.0086908  0.00935853]
 [0.78148335 0.00907518 0.00920036 0.0078089  0.00866464 0.01629381
  0.00782581 0.01558991 0.01480689 0.00744831 0.01653813 0.00836724
  0.01626818 0.01599875 0.01442155 0.01349234 0.01043839 0.00771115
  0.01016658 0.00840058]
 [0.8130364  0.00953351 0.00985613 0.00934115 0.00942818 0.0086119
  0.00975154 0.00850574 0.00977887 0.00920756 0.00927585 0.00942449
  0.00915117 0.01015626 0.00999723 0.01156351 0.00946162 0.00978309
  0.00802961 0.01610615]]",0.5700966
AAGGQHWEGGRRRWSFDYAA,-0.5840333700180054,AAAAFQMVMFHGLDYAAAAA,[0.99999994],"[[0.83813035 0.00732538 0.00756983 0.00787086 0.00724909 0.00736144
  0.00887891 0.00779409 0.00816675 0.00730943 0.00820442 0.00753251
  0.00791735 0.01496707 0.00815751 0.00780052 0.00903157 0.00756671
  0.00999113 0.011175  ]
 [0.5497267  0.04525808 0.0251354  0.03580574 0.01476456 0.01566344
  0.01883665 0.03127672 0.02221943 0.01343468 0.01495081 0.01351372
  0.01387005 0.02277333 0.03242712 0.01394193 0.02937249 0.02160684
  0.03526608 0.03015627]
 [0.7755345  0.00841506 0.00796206 0.01513133 0.01204283 0.0137375
  0.02110212 0.00942558 0.01577618 0.00742805 0.01259905 0.00803948
  0.00845401 0.00889944 0.01867027 0.00918101 0.00882415 0.02010258
  0.00967093 0.00900389]
 [0.7283546  0.03090589 0.02685079 0.01192418 0.009598   0.01324929
  0.00824821 0.01177339 0.00984818 0.01040196 0.01161477 0.01029232
  0.02142675 0.0101925  0.01051668 0.00946379 0.01179443 0.01701392
  0.01135495 0.02517544]
 [0.03448328 0.01087685 0.01320783 0.0277719  0.0142169  0.01237111
  0.01949862 0.02001692 0.02334408 0.02550929 0.01293923 0.01752016
  0.02914746 0.6092649  0.02264913 0.02994253 0.02683101 0.01166089
  0.02625061 0.01249739]
 [0.0107661  0.02635281 0.02563418 0.02620213 0.01266125 0.01294047
  0.5834072  0.02400757 0.01835658 0.03121624 0.03144522 0.01168466
  0.02425756 0.03084793 0.01294935 0.0224457  0.00910091 0.0244411
  0.03375543 0.02752757]
 [0.01178393 0.01151221 0.03368496 0.02975054 0.02622162 0.01204113
  0.01617321 0.01292708 0.01931565 0.01638019 0.01283481 0.0145405
  0.6454801  0.02754902 0.02525739 0.01108625 0.01117852 0.02068393
  0.03149156 0.01010745]
 [0.00846922 0.01117578 0.00962088 0.0097474  0.01954473 0.00942762
  0.01054095 0.01063    0.01013148 0.01131078 0.02102882 0.01096831
  0.01085252 0.01165789 0.00989368 0.02405085 0.00914748 0.01891126
  0.00850081 0.7643895 ]
 [0.00943888 0.00969927 0.00909271 0.00922072 0.01984036 0.01418006
  0.00869862 0.00912128 0.02160368 0.01631264 0.0198756  0.01347549
  0.7479035  0.01576746 0.01930877 0.01009969 0.01971714 0.00895236
  0.00868292 0.00900884]
 [0.02077091 0.02259882 0.01599792 0.02961915 0.02632905 0.01173569
  0.02760653 0.02499648 0.02405378 0.02035312 0.02815296 0.03245179
  0.02888142 0.579839   0.01886201 0.02105729 0.01849054 0.01017504
  0.01160038 0.02642808]
 [0.02093796 0.02469696 0.01276451 0.02806126 0.02793134 0.02532408
  0.01498333 0.01792035 0.58138686 0.02197604 0.02742128 0.02708065
  0.02682856 0.02234364 0.02397626 0.02157684 0.0232356  0.01409445
  0.01557492 0.02188505]
 [0.01698413 0.02432394 0.01230511 0.02433197 0.01649865 0.01387136
  0.02470543 0.61790967 0.02793685 0.01056243 0.01248141 0.02769632
  0.02504891 0.02975564 0.01306019 0.0216919  0.01083031 0.0217058
  0.01854983 0.02975011]
 [0.0140583  0.01424978 0.02320315 0.01058854 0.03379956 0.016236
  0.02564318 0.0156226  0.0210124  0.01121641 0.6506295  0.01094275
  0.03292159 0.01366867 0.01326995 0.01244749 0.01416686 0.02298258
  0.02865564 0.01468506]
 [0.02528433 0.01693082 0.01916706 0.5522872  0.03040558 0.02452335
  0.01560339 0.01861845 0.02471715 0.02824936 0.02478296 0.02906414
  0.02630986 0.01344447 0.02844012 0.03102111 0.0248412  0.01315798
  0.02796956 0.02518177]
 [0.01593794 0.02368439 0.01210148 0.01934135 0.01307603 0.01627923
  0.0295561  0.02835842 0.03580442 0.0295733  0.02641017 0.01496482
  0.033539   0.03612022 0.02646573 0.02518841 0.01787365 0.01886005
  0.5455469  0.0313184 ]
 [0.8313467  0.00837218 0.00888141 0.00786613 0.00773699 0.00807445
  0.01052762 0.00789063 0.0086752  0.00900234 0.00784565 0.00817172
  0.00937468 0.00907753 0.01609974 0.00919909 0.00708154 0.00839363
  0.00792445 0.00845837]
 [0.83449894 0.00716361 0.00765843 0.01582523 0.00910692 0.00700618
  0.00863575 0.00741088 0.00775531 0.00843831 0.00949597 0.00724648
  0.00788498 0.0145819  0.00852999 0.00798497 0.00681866 0.00717006
  0.00725293 0.0095346 ]
 [0.8276578  0.00891213 0.00862521 0.00743447 0.00900696 0.00922678
  0.00955501 0.01398577 0.00777627 0.00827947 0.00837753 0.00902138
  0.00921057 0.00889468 0.00936412 0.00988821 0.00797717 0.00869166
  0.0087096  0.00940525]
 [0.7807375  0.00909018 0.00922466 0.00782285 0.00867475 0.01635427
  0.00784095 0.01563562 0.01483841 0.00746608 0.01661373 0.00838488
  0.01633511 0.01607174 0.01448617 0.01355982 0.01050967 0.0077335
  0.01019561 0.00842439]
 [0.8130502  0.00953603 0.00985022 0.00933816 0.00943241 0.00862851
  0.00974684 0.00850794 0.00977937 0.00921204 0.0092803  0.00942822
  0.009148   0.01015365 0.01001099 0.011557   0.0094649  0.00978157
  0.0080335  0.01606022]]",0.5700966
AAQSGYIHSVSTSTEFDYAA,-0.227880597114563,AAAAFQMVMFHGLDYAAAAA,[1.],"[[0.83808166 0.00733252 0.00757069 0.00787596 0.00725233 0.00736481
  0.00888151 0.00779841 0.00817122 0.00731261 0.00821117 0.00753469
  0.00792016 0.01496485 0.00816029 0.00780609 0.00903063 0.00756952
  0.00998529 0.01117567]
 [0.5490889  0.04530516 0.02515921 0.03582456 0.01476445 0.01567176
  0.01887323 0.0315056  0.02220243 0.01345116 0.01497159 0.01353281
  0.01388856 0.02283929 0.03243452 0.01396723 0.02943118 0.02163606
  0.03526909 0.03018314]
 [0.7770616  0.00836868 0.00788169 0.01505715 0.0119726  0.01365092
  0.02095561 0.00934279 0.01568339 0.00737068 0.01253674 0.00799233
  0.0084087  0.00884786 0.01853729 0.00912728 0.00875707 0.01995042
  0.00960211 0.00889517]
 [0.7287229  0.03091091 0.02681344 0.01191487 0.00958825 0.01326974
  0.00826126 0.01175525 0.00980264 0.01038866 0.01159615 0.01028155
  0.02136466 0.01018763 0.01050251 0.00945086 0.0117752  0.01698628
  0.01130494 0.02512237]
 [0.03450669 0.0108922  0.0132095  0.02772536 0.01422964 0.01238706
  0.01952014 0.02002553 0.02334542 0.02550716 0.01294697 0.01751722
  0.02917474 0.60918397 0.0226285  0.02991129 0.02682733 0.01167235
  0.02628984 0.01249905]
 [0.01078295 0.02630877 0.02564637 0.0262404  0.01270716 0.01293915
  0.58316433 0.02404111 0.01834138 0.03123887 0.03143008 0.01169481
  0.02425878 0.03090082 0.01299793 0.02242684 0.00912229 0.02445828
  0.0337459  0.02755375]
 [0.01178045 0.01151326 0.03379522 0.0297733  0.02630401 0.01204323
  0.01615987 0.01282101 0.01929907 0.01635809 0.01282513 0.01452257
  0.6454633  0.02755457 0.02534254 0.0110146  0.01118102 0.02068507
  0.03147894 0.01008473]
 [0.00847696 0.01116027 0.00960028 0.00974896 0.01954083 0.00944393
  0.01054525 0.01063289 0.01013629 0.01131406 0.02102634 0.01096283
  0.01085939 0.01165416 0.00988212 0.02404047 0.00915231 0.01891423
  0.00850328 0.76440513]
 [0.00944313 0.00970395 0.00909584 0.00922038 0.01985748 0.01418357
  0.00870878 0.00912711 0.02147091 0.01631685 0.0198682  0.01351343
  0.7479193  0.01578517 0.01930336 0.01009982 0.01972443 0.00895612
  0.00868777 0.00901433]
 [0.02074545 0.02259419 0.0159788  0.02962081 0.02632275 0.01175579
  0.02763581 0.02499524 0.02406988 0.02035049 0.02815227 0.03243833
  0.02887126 0.57979137 0.01885834 0.02105433 0.01850723 0.01020721
  0.01161977 0.0264306 ]
 [0.02093073 0.02468855 0.01276555 0.02806028 0.02793177 0.02532332
  0.01498114 0.01793637 0.58131105 0.02198255 0.02740896 0.02708936
  0.02682138 0.02235244 0.02400886 0.02157966 0.02323662 0.01411093
  0.01558786 0.02189263]
 [0.01699867 0.02433722 0.01233199 0.02437851 0.01652282 0.01389755
  0.02471986 0.61767304 0.02795827 0.01057264 0.01248043 0.02769607
  0.02505475 0.02979022 0.01307565 0.02169137 0.01082871 0.02169663
  0.01853642 0.02975928]
 [0.01423152 0.01424204 0.02317414 0.01064306 0.03375136 0.01631977
  0.02561066 0.01563353 0.02096384 0.01124765 0.65026754 0.0110224
  0.03289144 0.01367781 0.01327426 0.01247329 0.01417157 0.02306413
  0.02864631 0.01469358]
 [0.02517814 0.01690687 0.01913866 0.5526657  0.03029521 0.02452398
  0.01561656 0.01865251 0.02471334 0.02828015 0.02477677 0.02905758
  0.02628994 0.0134297  0.02842759 0.03097035 0.02481913 0.01316375
  0.02793354 0.02516051]
 [0.01599839 0.02371268 0.01214329 0.01947919 0.01303598 0.01627999
  0.02955254 0.02834116 0.03579663 0.02958264 0.02634512 0.01497509
  0.0334966  0.03600534 0.02641312 0.02520543 0.01783627 0.01896174
  0.5455426  0.03129616]
 [0.8308381  0.00839462 0.00890634 0.00788545 0.00776436 0.00809223
  0.01057268 0.00791069 0.0086977  0.00902914 0.00787135 0.00819637
  0.0094145  0.00909266 0.0161196  0.00921216 0.00712389 0.00842024
  0.00794918 0.00850875]
 [0.83423996 0.00717384 0.00766808 0.0159284  0.00911399 0.00700751
  0.00865173 0.0074407  0.0077538  0.00846559 0.00954547 0.00725289
  0.00789418 0.01456557 0.00854921 0.00800259 0.0068184  0.00716932
  0.0072503  0.00950849]
 [0.8278412  0.00889959 0.0086182  0.00743244 0.00900627 0.00922096
  0.00955547 0.01391407 0.00778498 0.00827496 0.00835683 0.00901405
  0.00919596 0.00888777 0.00935979 0.00988154 0.00796604 0.00868993
  0.00870657 0.00939346]
 [0.78144026 0.00908273 0.00920033 0.00781196 0.00866357 0.01627765
  0.00783985 0.01558343 0.01479673 0.00745317 0.016539   0.00836867
  0.01626064 0.01600709 0.01442997 0.01352415 0.01043352 0.00770529
  0.01017286 0.00840905]
 [0.81293154 0.00954311 0.00986285 0.00935249 0.00943807 0.0086207
  0.00976442 0.00851293 0.00978855 0.00921482 0.00928348 0.00943233
  0.00914381 0.01016066 0.0100103  0.01158566 0.00946293 0.00979707
  0.00803197 0.01606225]]",0.5700966
AAAAFQMVMFHGLDYAAAAA,0.5700966119766235,AAAAFQMVMFHGLDYAAAAA,[1.],"[[0.8380943  0.00732764 0.00757059 0.00787076 0.00724985 0.00736272
  0.00888721 0.00779614 0.00816717 0.00731032 0.00821059 0.00753155
  0.00791616 0.01499232 0.00815721 0.00780252 0.0090302  0.00756644
  0.00998035 0.01117602]
 [0.54945314 0.04528299 0.02516023 0.03582397 0.01475816 0.01567575
  0.0188538  0.03140668 0.02220012 0.01344663 0.01497422 0.01352643
  0.0138741  0.02274375 0.03243454 0.01394579 0.02939424 0.02162731
  0.03526343 0.03015459]
 [0.7761289  0.00839772 0.00792513 0.01510528 0.01201062 0.01370685
  0.02105578 0.00937295 0.01573283 0.00740646 0.01258465 0.00803322
  0.0084333  0.00887565 0.01862181 0.0091606  0.00879283 0.02005984
  0.00964838 0.00894729]
 [0.72848386 0.0309033  0.02683666 0.01192174 0.00959261 0.01326067
  0.00827752 0.01176494 0.00982234 0.0103979  0.01161624 0.010285
  0.02138052 0.01019232 0.01050893 0.00945671 0.01179303 0.01702925
  0.01132563 0.0251509 ]
 [0.03448323 0.01088615 0.0132026  0.02776827 0.01422131 0.01238198
  0.01951324 0.02002638 0.02334473 0.02551536 0.01295486 0.01751115
  0.02915997 0.609229   0.0226317  0.0298395  0.02685939 0.01164606
  0.026329   0.01249613]
 [0.01078167 0.02632055 0.02562949 0.02622371 0.01266714 0.01293607
  0.5833311  0.02402551 0.01831577 0.03123472 0.03144715 0.0116903
  0.02426302 0.03090539 0.0129657  0.02238319 0.00911546 0.02446212
  0.03374419 0.02755766]
 [0.01178143 0.01151232 0.03375825 0.02978964 0.02629862 0.0120411
  0.01615445 0.0128504  0.01929997 0.01636748 0.01282097 0.01450329
  0.64546055 0.02756402 0.02535089 0.01101278 0.01117403 0.02068788
  0.03148638 0.01008547]
 [0.00847687 0.01116734 0.00961547 0.00974836 0.01954046 0.00943843
  0.0105411  0.01063086 0.01013403 0.01131581 0.02104094 0.0109638
  0.01085798 0.01165971 0.00988027 0.02406611 0.0091529  0.01892381
  0.00849967 0.764346  ]
 [0.00943905 0.00969419 0.00909316 0.00921562 0.01984143 0.01416805
  0.00870393 0.00912349 0.02147997 0.01631698 0.01986606 0.01350119
  0.74800766 0.0157788  0.01930972 0.01009708 0.01971854 0.00895162
  0.00868376 0.00900977]
 [0.02073972 0.02259305 0.01597614 0.02961965 0.02633053 0.01175394
  0.02762782 0.02500316 0.02406088 0.02033424 0.02815364 0.03244201
  0.02887995 0.5798248  0.01888118 0.0210466  0.01848833 0.01020331
  0.01161289 0.02642817]
 [0.02093237 0.02469678 0.01276551 0.02807501 0.0279339  0.02532736
  0.01497471 0.01794006 0.58129    0.02198846 0.02741934 0.02709712
  0.02682561 0.02235372 0.0240053  0.02157503 0.02322672 0.01410346
  0.01558242 0.02188698]
 [0.01699237 0.02433917 0.01232713 0.02436832 0.01652595 0.01389526
  0.02472209 0.617744   0.02794602 0.01057177 0.01247928 0.02769672
  0.02505454 0.02979133 0.01307103 0.02168578 0.01081559 0.02168682
  0.01852592 0.02976099]
 [0.01421335 0.01422653 0.02316991 0.01063273 0.0337507  0.01631105
  0.02562105 0.01562871 0.0209791  0.01124309 0.65029347 0.01101946
  0.03291322 0.01367419 0.01327403 0.0124705  0.01417057 0.02305928
  0.02865651 0.0146926 ]
 [0.02519679 0.01690829 0.01914009 0.5526368  0.03031137 0.0245223
  0.01561254 0.01864708 0.02471854 0.02827337 0.024781   0.02905932
  0.02629993 0.01340516 0.02843575 0.03097375 0.02482178 0.01315624
  0.0279393  0.02516054]
 [0.01599315 0.02371405 0.01213206 0.01947306 0.01304025 0.01628025
  0.02955397 0.02835472 0.03580805 0.02959378 0.02635782 0.01497389
  0.03351075 0.03601687 0.02639922 0.025205   0.01782842 0.0189511
  0.5455102  0.03130338]
 [0.8309406  0.00838841 0.00890066 0.00787908 0.00776033 0.00808807
  0.01056904 0.00790537 0.00869248 0.00902421 0.00786613 0.00819138
  0.00941076 0.00908765 0.01611297 0.00920627 0.00711887 0.00841538
  0.00794408 0.00849833]
 [0.8343422  0.00716968 0.00766398 0.01591847 0.00911118 0.00700466
  0.00864089 0.00743693 0.00775028 0.00846126 0.00952594 0.0072495
  0.00788812 0.01456428 0.00854664 0.00799757 0.00681423 0.00716415
  0.00724565 0.00950432]
 [0.8278963  0.00889764 0.00861521 0.00743011 0.00900234 0.00921884
  0.00955342 0.01390962 0.00778215 0.00827318 0.00835335 0.00901143
  0.00919164 0.00888576 0.00935624 0.00987944 0.00796291 0.00868659
  0.00870317 0.00939066]
 [0.7814546  0.00908169 0.00920166 0.00781081 0.00866311 0.01628701
  0.00783696 0.01558401 0.01479982 0.00745127 0.01653928 0.00836572
  0.0162644  0.01600231 0.01442896 0.01352366 0.01042977 0.00770211
  0.01016807 0.00840479]
 [0.8129718  0.00953951 0.00986208 0.00934979 0.00943552 0.00862005
  0.0097608  0.00851007 0.00978579 0.00921172 0.0092805  0.00942984
  0.00914315 0.01015787 0.01000886 0.01158313 0.00946035 0.00979326
  0.00802873 0.01606716]]",0.5700966
