old_seqs,old_predicted_y,new_seqs,STORM_predicted_y,optimized_pwm,orig_model_predicted_y
AADEYQAYVVDSRQHLDYAA,-0.34733080863952637,AAAAGGPWESGISFDYAAAA,[1.],"[[0.7617561  0.01208809 0.013354   0.01188625 0.01225422 0.01240717
  0.0115249  0.01179686 0.01192145 0.01215726 0.01473213 0.01238253
  0.0115743  0.01547038 0.01314449 0.01214516 0.01224385 0.0124063
  0.01201663 0.01273792]
 [0.733284   0.01740166 0.0112165  0.02029731 0.01119155 0.00938873
  0.01167995 0.01816889 0.02044169 0.01075359 0.0177167  0.01081571
  0.0180445  0.01231193 0.01366556 0.01119477 0.01054837 0.01177655
  0.01017226 0.01992995]
 [0.5534188  0.01617034 0.01536398 0.01755388 0.01558466 0.03005443
  0.03109933 0.02377506 0.02959231 0.02783031 0.02635264 0.01385798
  0.03160421 0.01676345 0.02871198 0.01759736 0.03064313 0.02837848
  0.01600612 0.02964151]
 [0.7088722  0.02382232 0.01163306 0.01159405 0.01138505 0.01161472
  0.01878639 0.02081293 0.02063124 0.01789684 0.0110919  0.01930028
  0.01100904 0.01166399 0.01136222 0.01160324 0.01032722 0.01118338
  0.02365735 0.02175246]
 [0.02942495 0.01336646 0.02839471 0.02685952 0.0157244  0.03031773
  0.01918931 0.57223225 0.01799733 0.01421221 0.02204074 0.02529755
  0.02630119 0.02582053 0.01694461 0.02185894 0.02891726 0.01304416
  0.02733131 0.02472482]
 [0.02361521 0.02415063 0.02331599 0.01666879 0.02608783 0.02755487
  0.02413443 0.5961001  0.02328421 0.02118979 0.02389663 0.01406685
  0.01638845 0.02238932 0.01711798 0.01754247 0.01669712 0.02610985
  0.02621974 0.01346972]
 [0.01189857 0.01215569 0.0239044  0.01235626 0.01729457 0.02071303
  0.01162344 0.02035609 0.01280644 0.01547755 0.01249829 0.01961718
  0.01379971 0.01146147 0.7199314  0.01176851 0.01294355 0.01221291
  0.01571848 0.01146248]
 [0.01171076 0.01143641 0.01111793 0.01145993 0.01244333 0.01191882
  0.01333504 0.01399708 0.01157857 0.0113219  0.01313893 0.01125713
  0.01161554 0.01163798 0.01163555 0.01163915 0.01165409 0.7737711
  0.01166754 0.01166325]
 [0.00852337 0.01105493 0.00976456 0.00963714 0.00942578 0.7812205
  0.01132075 0.01540097 0.01046448 0.02261701 0.01070259 0.01884696
  0.01148393 0.00996747 0.01056653 0.00978149 0.0086499  0.01060616
  0.00928379 0.0106818 ]
 [0.02161518 0.01440204 0.01198125 0.01323088 0.01517186 0.02047412
  0.02251098 0.01717675 0.01488397 0.01176177 0.01749008 0.01318907
  0.02492231 0.01406547 0.01260061 0.68881696 0.01203541 0.02438456
  0.0100513  0.01923546]
 [0.01355106 0.01110067 0.01246157 0.01234599 0.02030536 0.02151275
  0.02538349 0.711692   0.01302894 0.01579764 0.01606131 0.01666116
  0.01638282 0.01189657 0.0107812  0.01315435 0.02449923 0.01108291
  0.01092305 0.01137795]
 [0.0219978  0.01195396 0.01383813 0.01598664 0.01167401 0.01203234
  0.01128118 0.01164394 0.01399211 0.7239804  0.01317463 0.02178901
  0.01177932 0.01188458 0.01096974 0.01850333 0.01425668 0.02307543
  0.01318248 0.0130043 ]
 [0.01087727 0.00906232 0.01191719 0.01816645 0.00886204 0.01000781
  0.00863072 0.01566759 0.01817694 0.01600361 0.00979665 0.00986246
  0.01017656 0.01002469 0.00902458 0.77724683 0.00926663 0.01524424
  0.01308258 0.00890288]
 [0.00947211 0.01009126 0.01766839 0.00931886 0.00945702 0.00890698
  0.00989353 0.01006665 0.01549053 0.01018962 0.00932774 0.0194212
  0.00964634 0.77850956 0.01905591 0.00884058 0.01027982 0.00908787
  0.01262854 0.01264742]
 [0.01127961 0.01169363 0.01101894 0.78065556 0.01034839 0.01081151
  0.01129512 0.01131493 0.01145454 0.01092754 0.01191061 0.0124036
  0.01716463 0.0119079  0.01090254 0.0107177  0.01084756 0.01103241
  0.01056421 0.01174902]
 [0.02071848 0.02733194 0.03089106 0.02708507 0.02496943 0.02261448
  0.02516474 0.02974839 0.01555743 0.02660733 0.02828529 0.01243353
  0.02606193 0.01781724 0.02477465 0.0241986  0.0254454  0.0171448
  0.5468101  0.02634007]
 [0.75200087 0.01049254 0.02348152 0.01898266 0.01059849 0.01155982
  0.01039431 0.01831712 0.01092919 0.01808709 0.01133653 0.00998818
  0.01025294 0.01010754 0.01822314 0.00926128 0.01077591 0.01479691
  0.00977209 0.01064188]
 [0.7664289  0.01130524 0.01170743 0.02291604 0.01262751 0.01099276
  0.01105483 0.01314034 0.0115795  0.01147905 0.01208208 0.01095665
  0.01130113 0.01174558 0.00978356 0.01191701 0.01360794 0.00984438
  0.01149407 0.01403606]
 [0.5625715  0.03009817 0.01509326 0.01746896 0.02418181 0.02783082
  0.02485344 0.02782431 0.0278025  0.02607161 0.02017501 0.02652084
  0.02810162 0.01474449 0.02572586 0.01332417 0.02800969 0.01400561
  0.02683984 0.01875647]
 [0.6989601  0.01235608 0.01431678 0.01551325 0.01124734 0.01185632
  0.01726933 0.02142776 0.01260091 0.01136742 0.02265358 0.0178223
  0.017375   0.01238563 0.01257894 0.02096616 0.01926896 0.01876013
  0.01614013 0.015134  ]]",0.14642859
AAAEVEQSVWELGAFDYAAA,-0.20767593383789062,AAAAGGPWESGISFDYAAAA,[0.99999994],"[[0.7617246  0.01209046 0.01334405 0.01188776 0.01225699 0.01241213
  0.01152974 0.0117988  0.01192585 0.01216465 0.01471656 0.01238751
  0.01157741 0.01547313 0.01314464 0.01214781 0.0122468  0.01240895
  0.01202022 0.01274187]
 [0.73331225 0.0173941  0.01121723 0.02029045 0.01119269 0.00939287
  0.01168215 0.01817448 0.02043612 0.01075147 0.0177119  0.01082034
  0.01803615 0.01230737 0.01366331 0.01119376 0.01054353 0.01177803
  0.01016556 0.01993615]
 [0.55349696 0.01616561 0.01536194 0.01753475 0.01557992 0.0300335
  0.03109237 0.02377383 0.02971107 0.02783813 0.02633465 0.0138204
  0.03158415 0.01675815 0.02869141 0.01759666 0.03063128 0.02835894
  0.01600693 0.02962938]
 [0.70891637 0.02382164 0.01163565 0.01159709 0.01138788 0.01161909
  0.01878813 0.02071803 0.02065215 0.01788482 0.01109442 0.01930904
  0.01101154 0.01166692 0.01136673 0.01160839 0.0103319  0.01118629
  0.02365175 0.02175222]
 [0.02942726 0.013368   0.02840161 0.0268578  0.0157233  0.03032436
  0.01916312 0.5722572  0.01796599 0.01422138 0.02204449 0.02532179
  0.02630666 0.02579827 0.01695649 0.02182843 0.0289283  0.01304879
  0.02733685 0.02471981]
 [0.02361424 0.02414821 0.02331661 0.01666676 0.02608971 0.02755591
  0.02413837 0.5960622  0.02328679 0.02119973 0.02390073 0.01402408
  0.01642462 0.02239518 0.01714411 0.0175304  0.01669401 0.02610723
  0.02623089 0.0134702 ]
 [0.01190356 0.0121616  0.02392156 0.01236362 0.01730425 0.02072292
  0.01162968 0.02036252 0.0128084  0.01547179 0.01250643 0.01958472
  0.01380852 0.01146623 0.7198523  0.01177277 0.01295344 0.01221602
  0.01572415 0.01146549]
 [0.01171567 0.01143699 0.01113228 0.01146515 0.01243748 0.01192551
  0.01331445 0.01401138 0.01157974 0.01132272 0.01313926 0.01125694
  0.01161869 0.01165979 0.01164015 0.01164084 0.0116579  0.7737063
  0.0116719  0.01166689]
 [0.0085293  0.01117024 0.00974207 0.0097772  0.00942396 0.781147
  0.01131002 0.01537413 0.01041313 0.02259685 0.01070267 0.01880076
  0.01147303 0.0099561  0.01055732 0.00980376 0.00865201 0.01059623
  0.00930233 0.01067196]
 [0.02158874 0.01440271 0.01199229 0.01327521 0.01519113 0.02053196
  0.02253505 0.01719497 0.01488402 0.011753   0.01747194 0.01319811
  0.02495481 0.0140727  0.01262425 0.68858355 0.0120415  0.02440847
  0.01005415 0.01924141]
 [0.01355537 0.01106097 0.01246235 0.01234011 0.02031019 0.02150265
  0.02540111 0.7116736  0.01302368 0.01581    0.01607703 0.01667817
  0.01639064 0.01189602 0.01077988 0.01315569 0.02450045 0.01108155
  0.01092142 0.01137904]
 [0.02203108 0.01191719 0.01385926 0.01597152 0.01168475 0.01201293
  0.01127416 0.01164312 0.01399538 0.7239839  0.01317852 0.02180833
  0.01178173 0.01188889 0.01096825 0.01849768 0.01424813 0.02304699
  0.013196   0.01301224]
 [0.01088177 0.0090606  0.01185114 0.01818154 0.0088664  0.01000741
  0.00862264 0.01563835 0.0181893  0.0159972  0.00980162 0.00987004
  0.01018054 0.010023   0.0090297  0.77731663 0.00926825 0.01523368
  0.01307782 0.00890237]
 [0.00947699 0.01009666 0.0176753  0.00933578 0.00945576 0.00891104
  0.00989647 0.01006027 0.01548195 0.01019435 0.00933156 0.01942872
  0.00965531 0.77846736 0.01906316 0.00884322 0.01026097 0.00908856
  0.0126229  0.01265362]
 [0.01127514 0.0116833  0.01101303 0.78081155 0.01035371 0.01080788
  0.01129256 0.01130655 0.01144775 0.01092356 0.01190191 0.01239608
  0.01711469 0.01190343 0.01089105 0.01070315 0.01083709 0.01102751
  0.01054516 0.01176496]
 [0.02076821 0.02733047 0.0308067  0.02703436 0.02500619 0.02260764
  0.02514498 0.02976768 0.01558284 0.02658837 0.02829964 0.01243984
  0.02606246 0.0177866  0.02476666 0.02419272 0.02550016 0.01719199
  0.54677516 0.02634735]
 [0.7520159  0.01049196 0.02348537 0.01897529 0.01059214 0.01156096
  0.01039345 0.01837568 0.01093699 0.01807925 0.01133671 0.0099871
  0.01025287 0.01010812 0.01819961 0.00924757 0.01076907 0.01479136
  0.00976245 0.01063807]
 [0.76643896 0.01130287 0.01170995 0.02293509 0.01263406 0.01099154
  0.01104193 0.01311904 0.011576   0.01148453 0.01208083 0.01095894
  0.01130232 0.01174837 0.00978168 0.0119279  0.01360432 0.0098393
  0.01149506 0.01402723]
 [0.56256336 0.03012973 0.01509578 0.01747119 0.0241717  0.02781905
  0.02485603 0.02781981 0.02780569 0.02606219 0.02017438 0.02651405
  0.02809967 0.01476032 0.02571972 0.01330812 0.02800565 0.01400142
  0.02684291 0.0187793 ]
 [0.6989974  0.01235583 0.01433309 0.01549338 0.01122942 0.01184121
  0.01726705 0.02146064 0.0125982  0.01136442 0.02264663 0.01780879
  0.01738718 0.0123893  0.01258016 0.02095929 0.01925148 0.01875656
  0.01615017 0.01512982]]",0.14642859
AAAAAISGSQDQFDYAAAAA,-0.05286664515733719,AAAAGGPWESGISFDYAAAA,[1.],"[[0.7617165  0.01208883 0.01335445 0.01188786 0.01225495 0.01240813
  0.01152602 0.01179841 0.01192272 0.01215892 0.01474356 0.01238383
  0.01157448 0.01547722 0.01314535 0.01214687 0.01224537 0.01240853
  0.01201774 0.01274028]
 [0.73328286 0.01739611 0.01121649 0.02030352 0.01119205 0.00938884
  0.01168045 0.01817133 0.02044575 0.01075361 0.01771973 0.01081527
  0.01805045 0.01230968 0.01366444 0.01119486 0.01054415 0.01177705
  0.01016935 0.01992396]
 [0.55345476 0.01616469 0.01535986 0.01754961 0.0155782  0.03004456
  0.03108633 0.02377233 0.02962598 0.02781986 0.02636076 0.01389448
  0.03158584 0.0167614  0.02869908 0.01759008 0.0306593  0.02835888
  0.01600486 0.02962926]
 [0.7089055  0.02382399 0.01163247 0.01159466 0.01138573 0.01161661
  0.01878918 0.02078021 0.02063498 0.01790947 0.01109254 0.01930144
  0.01101173 0.01166593 0.01136545 0.01160518 0.01032749 0.01118335
  0.02364877 0.0217254 ]
 [0.0294203  0.01336397 0.02839406 0.02685351 0.01573038 0.03031215
  0.01918136 0.5721953  0.01800082 0.01421335 0.0220334  0.02531586
  0.02629894 0.02579623 0.01696129 0.02188765 0.02892146 0.01304631
  0.0273386  0.02473499]
 [0.02361348 0.02414583 0.02331358 0.01666289 0.02608766 0.0275497
  0.02413621 0.5960701  0.02329335 0.02118317 0.02389468 0.01406548
  0.0164051  0.02238813 0.01714127 0.01753517 0.01670839 0.02610652
  0.02623057 0.01346875]
 [0.01189973 0.01215796 0.02390974 0.0123602  0.01726118 0.02071192
  0.01162557 0.02035364 0.01280832 0.01547703 0.01250254 0.01958462
  0.01380316 0.01146256 0.7199676  0.01176819 0.0129461  0.01221461
  0.01571668 0.01146862]
 [0.01171315 0.01143931 0.01111967 0.01146087 0.01244549 0.01192005
  0.01333727 0.01399317 0.01157929 0.01132228 0.01313945 0.01125663
  0.01161769 0.01164952 0.01163786 0.01164018 0.01165864 0.77373576
  0.01167098 0.01166286]
 [0.00851218 0.01105337 0.00976218 0.00963021 0.00941612 0.7812826
  0.01131764 0.01540147 0.0104446  0.02261065 0.01069214 0.01882696
  0.01147874 0.00996536 0.01056402 0.00980783 0.00867545 0.01060186
  0.00927755 0.01067903]
 [0.02160788 0.014422   0.0119912  0.01325629 0.01519114 0.02048747
  0.02252142 0.01718991 0.01488183 0.01176725 0.01749842 0.01319746
  0.0249422  0.01406758 0.01260898 0.688613   0.01204672 0.02440595
  0.01005594 0.01924728]
 [0.01354026 0.01109041 0.01245692 0.01234353 0.02028719 0.02149869
  0.02536783 0.7118635  0.01301991 0.01579747 0.01605634 0.0166313
  0.01637068 0.01188687 0.01077618 0.01315219 0.02448711 0.01107991
  0.01092068 0.01137301]
 [0.02201325 0.01194351 0.01382688 0.01596186 0.01167162 0.01203041
  0.01127978 0.01164002 0.01397615 0.72404784 0.013174   0.02178201
  0.01177924 0.01188528 0.01097027 0.01849456 0.01425952 0.0230848
  0.01317411 0.01300491]
 [0.01086863 0.00905587 0.01188835 0.01815071 0.00885137 0.00999933
  0.00861626 0.01566939 0.01816829 0.01601635 0.00979095 0.00985612
  0.01017089 0.00998864 0.00900983 0.7774298  0.0092583  0.0152411
  0.01307343 0.00889628]
 [0.00947429 0.0100921  0.01766689 0.00933148 0.0094559  0.00891683
  0.00989298 0.01006544 0.01549041 0.01018962 0.00932566 0.01941925
  0.00964716 0.77851844 0.01905771 0.00884071 0.01027307 0.00908742
  0.01262437 0.01263022]
 [0.01128226 0.01168073 0.0110202  0.78067297 0.01034285 0.01081937
  0.01129903 0.01131692 0.01145406 0.01092588 0.01190973 0.01240204
  0.01713857 0.01190968 0.01090435 0.01071758 0.01084958 0.01103339
  0.01056911 0.0117518 ]
 [0.02073968 0.0273425  0.03081118 0.02707959 0.0249811  0.02259888
  0.02516742 0.02975288 0.01556871 0.02660514 0.02827561 0.01244447
  0.02606166 0.01781408 0.02477086 0.0242052  0.02546393 0.01716648
  0.54680675 0.02634388]
 [0.7519322  0.01049259 0.0234872  0.01898181 0.01059699 0.01156464
  0.01039308 0.01840642 0.01093914 0.01808163 0.01133499 0.00998537
  0.01025142 0.01010718 0.0182092  0.00925795 0.01078773 0.01478508
  0.00976651 0.01063888]
 [0.7664268  0.01130723 0.01170954 0.0229394  0.01263215 0.01099643
  0.01104743 0.01311661 0.01157971 0.01147406 0.01208508 0.01096117
  0.01130425 0.01175043 0.00977903 0.01191937 0.01356918 0.00985607
  0.01149928 0.01404681]
 [0.5626711  0.03011607 0.01508885 0.01746495 0.02417164 0.02781432
  0.02484592 0.02781438 0.02779415 0.02605961 0.02017087 0.02650604
  0.02809076 0.01476269 0.0257037  0.01331786 0.02800049 0.01400163
  0.02683607 0.01876894]
 [0.69895315 0.01235934 0.01432713 0.0154839  0.01124745 0.01184404
  0.01727091 0.02142558 0.0126011  0.01136839 0.0226619  0.01781869
  0.01736765 0.01238912 0.01258402 0.0209709  0.01926297 0.01877345
  0.01614848 0.01514196]]",0.14642859
AAAGDDSSTERYAMDYAAAA,-0.10461165755987167,AAAAGGPWESGISFDYAAAA,[1.],"[[0.7617184  0.01208864 0.01334232 0.01188747 0.0122563  0.01241077
  0.01152792 0.01179843 0.011924   0.01216202 0.01472869 0.01238434
  0.01157341 0.01549082 0.0131423  0.01214766 0.01224673 0.01240916
  0.01201927 0.01274145]
 [0.73330677 0.01738831 0.01121606 0.02029601 0.01119143 0.00938681
  0.01168061 0.01817073 0.02044593 0.01075011 0.01771807 0.0108173
  0.01805314 0.01230902 0.01366041 0.01119303 0.01054536 0.01177377
  0.01016699 0.01993007]
 [0.553435   0.01616284 0.0153603  0.01754204 0.01557821 0.03003898
  0.03109557 0.02379276 0.02962046 0.02783359 0.02637645 0.0138552
  0.03159191 0.01676022 0.02869412 0.01759638 0.03065089 0.02837628
  0.01600726 0.02963151]
 [0.70894355 0.0238341  0.01163488 0.01159623 0.01138775 0.0116184
  0.01878296 0.02067439 0.02064801 0.01790339 0.01109687 0.01929579
  0.0110129  0.01166729 0.01136668 0.01160715 0.01033273 0.01118617
  0.02365726 0.02175349]
 [0.02942143 0.01336583 0.02840043 0.02684727 0.01573843 0.03032281
  0.01918687 0.57223684 0.01797023 0.01422236 0.02204476 0.02531917
  0.02629726 0.02581712 0.01692907 0.02184512 0.02892041 0.01305212
  0.02734175 0.02472072]
 [0.02361676 0.02414783 0.02331857 0.01664767 0.02609355 0.02755994
  0.02414133 0.59603965 0.02329252 0.02120196 0.02390208 0.01401751
  0.0164289  0.02239728 0.01716573 0.01752882 0.01669511 0.02610647
  0.0262299  0.01346842]
 [0.01189605 0.01215317 0.02389698 0.01235498 0.01728865 0.02070787
  0.01162405 0.02035099 0.01279986 0.01545435 0.01250027 0.01957107
  0.01380089 0.01146049 0.72004867 0.01176174 0.01294394 0.01221191
  0.01571474 0.01145928]
 [0.0117152  0.01143589 0.01113071 0.01146419 0.0124389  0.01192393
  0.01331806 0.01402285 0.01157866 0.01132198 0.0131382  0.01125598
  0.01161506 0.01165484 0.01164067 0.01163979 0.01165813 0.7737128
  0.01166964 0.01166456]
 [0.00852907 0.01117137 0.00973977 0.00977169 0.00942256 0.78113437
  0.01130965 0.01538427 0.01040927 0.02260395 0.01070105 0.01881238
  0.01146962 0.00995393 0.01055758 0.00981962 0.00863327 0.01059476
  0.00931048 0.0106714 ]
 [0.02158613 0.0144037  0.01199322 0.01328405 0.01519232 0.0205255
  0.02254916 0.01719916 0.01487793 0.01175091 0.01747737 0.01320078
  0.02496516 0.01407079 0.01263812 0.6885335  0.01204296 0.02440256
  0.01005912 0.01924765]
 [0.01355619 0.01106059 0.01246339 0.01234057 0.02031496 0.02150732
  0.02541106 0.71166825 0.01302432 0.0158086  0.01607958 0.01666324
  0.01638722 0.01190212 0.01077927 0.01314668 0.02449865 0.01108495
  0.01092182 0.01138122]
 [0.02201998 0.01191644 0.01385423 0.01596612 0.01168057 0.01201013
  0.01127187 0.01164257 0.01399371 0.72399503 0.01317606 0.0217967
  0.01178002 0.01188913 0.01096851 0.01849364 0.01425825 0.02306829
  0.01321746 0.01300134]
 [0.01088625 0.0090626  0.01185104 0.01818555 0.00887079 0.01000782
  0.0086233  0.01563923 0.0181991  0.01598753 0.00980207 0.00987172
  0.01018018 0.01002814 0.00903208 0.7772666  0.00927485 0.01524033
  0.01309182 0.00889897]
 [0.0094766  0.010098   0.01769489 0.00934106 0.00945758 0.00891121
  0.00989756 0.01006283 0.01549954 0.01019522 0.00933302 0.01944347
  0.00965574 0.77835715 0.01907782 0.00884484 0.01027188 0.00909444
  0.01263355 0.01265357]
 [0.01127395 0.01168673 0.01101176 0.78081816 0.01035085 0.01080477
  0.01128942 0.01130581 0.01144724 0.01092284 0.01190171 0.01240551
  0.0171132  0.01190293 0.01089181 0.01070437 0.01083544 0.01102719
  0.01054503 0.01176129]
 [0.02076652 0.02732662 0.03082091 0.0270421  0.02501148 0.02260862
  0.02514287 0.02976975 0.01559496 0.0265843  0.02829394 0.01244286
  0.02602075 0.01777069 0.02477773 0.02419639 0.02548046 0.01719533
  0.546819   0.02633475]
 [0.7520624  0.0104872  0.02348198 0.01897315 0.01058814 0.01155453
  0.01039102 0.01834912 0.01092471 0.0180803  0.01133346 0.00998558
  0.01024929 0.01010536 0.01820235 0.00924965 0.01077257 0.01481146
  0.0097637  0.01063408]
 [0.76638514 0.0113024  0.01171257 0.02295038 0.01263617 0.01099317
  0.0110474  0.01312665 0.01157783 0.01149144 0.0120811  0.01096136
  0.01130346 0.01174585 0.00978491 0.01192879 0.01361624 0.00983965
  0.01149111 0.01402441]
 [0.56257516 0.03013248 0.015096   0.01746424 0.0241717  0.02781966
  0.02485712 0.02782399 0.0277991  0.0260659  0.02016976 0.02651334
  0.02810048 0.01476202 0.02571462 0.01330299 0.02801069 0.01399946
  0.02684731 0.01877398]
 [0.6988899  0.01235817 0.01433107 0.01549964 0.01123738 0.01184342
  0.01727608 0.0214771  0.01259711 0.01136698 0.0226571  0.01783358
  0.01737498 0.01238911 0.0125839  0.02097348 0.01925898 0.01875917
  0.01615776 0.01513512]]",0.14642859
AAAAGGPWESGISFDYAAAA,0.14642858505249023,AAAAGGPWESGISFDYAAAA,[0.99999994],"[[0.761739   0.01208978 0.0133379  0.01188758 0.01225668 0.01241149
  0.01152831 0.01179966 0.01192185 0.01216254 0.01470901 0.01239958
  0.01158374 0.01545996 0.0131533  0.01214609 0.01224772 0.01240513
  0.01201932 0.01274139]
 [0.73336476 0.01738919 0.01121556 0.02029447 0.01119086 0.00938579
  0.01167937 0.01816842 0.02043605 0.01075017 0.01771568 0.01082541
  0.01797255 0.01232529 0.01367725 0.01119427 0.0105449  0.01178384
  0.01015812 0.01992816]
 [0.55352396 0.01616965 0.01536719 0.01755372 0.01558616 0.03004774
  0.03110504 0.02373794 0.02951933 0.02784318 0.02635029 0.01386835
  0.03161717 0.01677332 0.02871406 0.01761008 0.03061181 0.02834461
  0.01601109 0.02964525]
 [0.7089013  0.02383268 0.01163502 0.01159733 0.0113886  0.01161824
  0.01878721 0.02063057 0.02063966 0.01789404 0.01109114 0.01936282
  0.01101537 0.0116668  0.01136758 0.01161009 0.0103327  0.0111862
  0.02366635 0.02177629]
 [0.02942159 0.01336681 0.02839483 0.02685039 0.01571688 0.03031837
  0.01917495 0.5722252  0.01797515 0.01422064 0.02205532 0.02543787
  0.02628062 0.02585553 0.01695438 0.02176279 0.0289318  0.01303488
  0.0273122  0.02470978]
 [0.02361295 0.02414855 0.02331563 0.01666888 0.02609194 0.02755678
  0.02414015 0.59601355 0.02328848 0.02120193 0.023911   0.0140162
  0.01647673 0.02236561 0.01713655 0.01756506 0.01667823 0.02611116
  0.02622977 0.01347082]
 [0.01190917 0.01216841 0.02394681 0.01237221 0.01737491 0.02075063
  0.01163519 0.02039234 0.01281974 0.01549951 0.01250661 0.01970377
  0.01382121 0.01147197 0.71943206 0.01178518 0.01296633 0.01221946
  0.01575793 0.01146654]
 [0.01171475 0.01143586 0.01113032 0.01146372 0.01243914 0.01192391
  0.0133182  0.01401036 0.01157879 0.01131944 0.01313883 0.01125797
  0.01161701 0.01165763 0.01163645 0.01164152 0.01165392 0.7737249
  0.01166874 0.01166852]
 [0.00853119 0.01117007 0.009752   0.00976933 0.0094295  0.78110963
  0.0113108  0.01537791 0.01041803 0.02261152 0.010711   0.01880477
  0.01148116 0.0099546  0.01055716 0.0098197  0.00862862 0.01059841
  0.00929269 0.01067194]
 [0.02160098 0.01439751 0.01198895 0.01326425 0.01517711 0.02052272
  0.02254351 0.01718326 0.01486656 0.01174735 0.01745017 0.01319019
  0.0249483  0.01406985 0.01260755 0.6887326  0.01203083 0.02438631
  0.01004777 0.0192442 ]
 [0.0135562  0.01106739 0.01246552 0.01234335 0.02031433 0.02151357
  0.02541255 0.7115742  0.01302875 0.01580495 0.01608995 0.01668301
  0.01638849 0.01190172 0.01078603 0.01315382 0.02451942 0.01108769
  0.01092408 0.01138495]
 [0.02202726 0.01191549 0.01385854 0.01598748 0.01168376 0.01201335
  0.01127096 0.0116416  0.01399536 0.72393113 0.01317334 0.02180389
  0.01178112 0.01188782 0.01096916 0.01849972 0.01426119 0.02306884
  0.01323199 0.01299794]
 [0.0108712  0.00905572 0.01186376 0.01817276 0.00886735 0.01000141
  0.00862107 0.01563125 0.01817686 0.0159946  0.0097963  0.00986576
  0.01017714 0.01001963 0.00902583 0.7773661  0.00926679 0.01524092
  0.01309307 0.00889238]
 [0.00947526 0.01009809 0.01768076 0.00933564 0.00945449 0.0089048
  0.00989488 0.01006011 0.01550218 0.01019202 0.00933031 0.01943736
  0.00965453 0.77845395 0.0190659  0.00884154 0.01028502 0.00907047
  0.01262214 0.01264061]
 [0.01127484 0.01168609 0.01101094 0.7808174  0.01035256 0.01080826
  0.01129311 0.0113067  0.01144733 0.01092322 0.01190177 0.0124039
  0.01710283 0.01190002 0.01089142 0.01070583 0.01083514 0.01102779
  0.01054837 0.0117625 ]
 [0.02073433 0.0273363  0.03076776 0.0270407  0.02501795 0.02262279
  0.02515177 0.02977648 0.01559611 0.02658902 0.02830268 0.01245675
  0.02605988 0.01779496 0.02478247 0.02420398 0.02549349 0.01716213
  0.5467644  0.02634613]
 [0.752021   0.01049215 0.02349502 0.0189811  0.01059206 0.01156224
  0.01039426 0.01834768 0.0109269  0.01808476 0.01133373 0.00998766
  0.01025324 0.01010909 0.018206   0.00924971 0.01073983 0.01481669
  0.0097692  0.01063769]
 [0.7664464  0.01130248 0.01170901 0.02293157 0.01263165 0.01099423
  0.01104498 0.01311538 0.01157371 0.01148788 0.01207636 0.01095589
  0.01130312 0.01174462 0.00976659 0.01192711 0.01361592 0.00984602
  0.01149399 0.01403308]
 [0.5625638  0.03013486 0.01509422 0.01746756 0.02417108 0.02782211
  0.02486083 0.02782513 0.02779891 0.02606913 0.02017517 0.02651555
  0.02809665 0.01477042 0.02572089 0.01329802 0.02801445 0.01399957
  0.02684531 0.01875639]
 [0.6989796  0.01235543 0.01433402 0.01549589 0.01122922 0.01184334
  0.01726755 0.02146253 0.01259472 0.01136233 0.02264156 0.01781646
  0.01739746 0.01238412 0.01257878 0.02096842 0.01926896 0.01876804
  0.01612589 0.01512568]]",0.14642859
