old_seqs,old_predicted_y,new_seqs,STORM_predicted_y,optimized_pwm,orig_model_predicted_y
AAAGDERGYGDPYSFDYAAA,-0.2763665020465851,AAAGHTSSHGHTALDYAAAA,[0.9999996],"[[0.85011184 0.00485428 0.0045653  0.0065926  0.00621914 0.004074
  0.0039278  0.00401068 0.05934783 0.00539993 0.00691407 0.00421024
  0.00633358 0.00477694 0.00477694 0.00477694 0.00477694 0.00477694
  0.00477694 0.00477694]
 [0.78323525 0.0060156  0.00849885 0.00749034 0.00604847 0.02101886
  0.00391394 0.00533289 0.08128222 0.00574004 0.01026135 0.00584566
  0.00760729 0.00678287 0.00762925 0.00625042 0.00672904 0.00677161
  0.00695253 0.00659354]
 [0.85050625 0.00431072 0.00416179 0.04250998 0.00415092 0.00438909
  0.00702854 0.00520517 0.01322134 0.00324067 0.00751584 0.00432383
  0.00820087 0.00518943 0.01184822 0.00415598 0.00577119 0.00481322
  0.00487755 0.00457931]
 [0.00329974 0.00329952 0.0035555  0.00371209 0.04714268 0.00343738
  0.00294082 0.8353516  0.00245552 0.00322871 0.00346229 0.00285113
  0.00338058 0.02249725 0.01258869 0.01744858 0.01707086 0.00504921
  0.00417946 0.00304846]
 [0.00254892 0.00232551 0.00260027 0.00285406 0.00288083 0.00270766
  0.00325936 0.00322236 0.94965315 0.00235567 0.00219388 0.00284777
  0.00290943 0.00255325 0.00332058 0.00240986 0.00237824 0.00244146
  0.00235069 0.00218716]
 [0.00795628 0.02460701 0.00514985 0.00783215 0.10018877 0.02795985
  0.02013954 0.00432033 0.01053476 0.01144925 0.00487139 0.00390895
  0.00443464 0.09456742 0.07488305 0.04701117 0.52494746 0.00697467
  0.00572816 0.01253537]
 [0.00249978 0.00263248 0.0027356  0.003248   0.0037737  0.00440293
  0.00255694 0.05108687 0.00336021 0.00251871 0.00393607 0.00300739
  0.00304194 0.00382243 0.00272068 0.8779189  0.00271596 0.00255319
  0.01911573 0.00235258]
 [0.00505848 0.00505848 0.00505848 0.02196278 0.0031354  0.00854764
  0.00640144 0.00743118 0.09642493 0.01012246 0.00827597 0.0038462
  0.00473441 0.00425425 0.0060464  0.7163754  0.04217019 0.00420372
  0.00676604 0.0341261 ]
 [0.0029674  0.0025195  0.00219983 0.0026908  0.01827719 0.00388708
  0.00215698 0.00927466 0.9182243  0.00350286 0.0016534  0.00364977
  0.00232382 0.0019468  0.00390557 0.00382697 0.00412949 0.00602399
  0.00462537 0.00221427]
 [0.0336744  0.04291075 0.03607571 0.04201813 0.05127542 0.01194101
  0.01553248 0.34006304 0.01504155 0.03990255 0.00626581 0.01577118
  0.05173888 0.01072056 0.01239283 0.06125749 0.02469896 0.05081528
  0.07919123 0.05871269]
 [0.00175384 0.00171786 0.00173239 0.00153096 0.00169018 0.00222593
  0.00234184 0.00451177 0.9619329  0.00212541 0.00173964 0.00184372
  0.00206491 0.00197092 0.00169432 0.00177151 0.00165316 0.00187371
  0.00220401 0.00162092]
 [0.00497728 0.0064936  0.00724364 0.02347355 0.01145791 0.13068824
  0.05939525 0.03228803 0.00574058 0.00356192 0.00565383 0.00768077
  0.18514971 0.00795608 0.00451589 0.00717388 0.46930808 0.00787938
  0.00662307 0.01273929]
 [0.6017602  0.03629825 0.01536714 0.00791684 0.04936703 0.00863326
  0.00584067 0.02436051 0.00512291 0.0100463  0.10284411 0.01170112
  0.00791827 0.02520116 0.02674839 0.00808516 0.02215159 0.01326298
  0.00776136 0.00961264]
 [0.01252997 0.01039809 0.00951661 0.00759586 0.03819891 0.00881403
  0.05965488 0.01084313 0.00830965 0.03582283 0.72948736 0.0045196
  0.00867004 0.01454067 0.00719501 0.00565719 0.00609604 0.01024265
  0.00464747 0.00725996]
 [0.01107837 0.00752123 0.02011722 0.746863   0.00805097 0.00520078
  0.00413321 0.00424218 0.0038594  0.00664366 0.00649072 0.025771
  0.03347877 0.02339152 0.02652263 0.00612244 0.01043423 0.03741561
  0.00669806 0.00596494]
 [0.02955415 0.00793301 0.01346785 0.01811466 0.01937271 0.00626992
  0.01210082 0.00840859 0.00912845 0.01039326 0.03926744 0.05551677
  0.06640364 0.03356203 0.01508557 0.02034594 0.01020936 0.03575279
  0.58035976 0.00875325]
 [0.49913567 0.01982599 0.02405852 0.02006818 0.01705661 0.01779793
  0.02162946 0.04027304 0.02506772 0.02610383 0.02930599 0.02779866
  0.03359859 0.03455492 0.03306956 0.02603295 0.02607831 0.02641319
  0.02619777 0.02593304]
 [0.42322457 0.04283988 0.02977203 0.02517097 0.02404887 0.0227422
  0.02151458 0.02571508 0.03782954 0.03535908 0.03415632 0.0362049
  0.03263554 0.02549712 0.03182353 0.030191   0.03020391 0.03027643
  0.03042036 0.03037411]
 [0.3806144  0.02808399 0.03925524 0.04154335 0.03022596 0.02759217
  0.04333349 0.02891902 0.03168679 0.03168679 0.03168679 0.03168679
  0.03168679 0.03168679 0.03168679 0.03159948 0.03172029 0.03181054
  0.03182438 0.03167012]
 [0.39633954 0.04711746 0.04446855 0.02729202 0.02767422 0.03051745
  0.03051745 0.03051745 0.03051745 0.03051745 0.03051745 0.03051745
  0.03051745 0.03051745 0.03051745 0.03039778 0.03036536 0.03015086
  0.03070379 0.03031588]]",0.23861593
AAGIVQFGRVEWPYVFDYAA,0.06711166352033615,AAAGHTSSHGHTALDYAAAA,[1.0000001],"[[0.8467863  0.00488461 0.00458258 0.00663471 0.0062961  0.00408067
  0.00403622 0.00398732 0.06202958 0.00543169 0.00701267 0.00424501
  0.00634129 0.00480731 0.00480731 0.00480731 0.00480731 0.00480731
  0.00480731 0.00480731]
 [0.77376425 0.00607906 0.00876523 0.00762005 0.00608407 0.02216023
  0.00396987 0.00535009 0.08770992 0.00582072 0.01036396 0.00590083
  0.00777775 0.00691672 0.00787337 0.00633173 0.00684721 0.00690277
  0.00707351 0.00668877]
 [0.866487   0.00419183 0.00403823 0.03148677 0.00399317 0.0041984
  0.00652628 0.00500157 0.01263715 0.00311579 0.00703287 0.00417252
  0.00789907 0.00491732 0.01120993 0.00401482 0.00541951 0.00464026
  0.00464112 0.00437639]
 [0.00326313 0.00322296 0.00351009 0.00351721 0.04674652 0.0033556
  0.00286458 0.8357626  0.00241405 0.00316478 0.00343148 0.0027501
  0.00335241 0.02269513 0.01242787 0.01729215 0.01798763 0.00516006
  0.00409809 0.00298368]
 [0.00250349 0.00227308 0.00256562 0.00280396 0.00281346 0.00265727
  0.00316989 0.00314742 0.9504724  0.00231462 0.00214776 0.00280535
  0.0028445  0.00251312 0.00331881 0.00240763 0.00234618 0.00242517
  0.00232743 0.00214282]
 [0.00726322 0.01825944 0.00506906 0.00801933 0.09992068 0.03090395
  0.02035022 0.00432261 0.01036773 0.01063588 0.00488621 0.0038994
  0.00441411 0.09034351 0.07931364 0.04486864 0.53150237 0.00716838
  0.00571805 0.01277354]
 [0.00270669 0.00267758 0.00304767 0.00340322 0.00400835 0.00473078
  0.00264694 0.0575906  0.00346715 0.00263431 0.00409315 0.00305026
  0.00322239 0.00411158 0.00287842 0.8673932  0.00286677 0.00268372
  0.02027966 0.00250756]
 [0.00503251 0.00503251 0.00503251 0.02258201 0.00309282 0.00852453
  0.00629143 0.00725699 0.09581088 0.01016478 0.00827494 0.0037748
  0.00471732 0.00423179 0.00603249 0.71804476 0.04045159 0.0041491
  0.00635758 0.03514475]
 [0.00292916 0.00243966 0.00217028 0.00263282 0.01681894 0.00380104
  0.00210898 0.00869687 0.9214338  0.0033523  0.00161947 0.00365043
  0.00226854 0.00190949 0.00383081 0.00372856 0.0039091  0.00612673
  0.00449613 0.00207697]
 [0.03533542 0.04216268 0.03896236 0.04174275 0.05248082 0.01172013
  0.01446084 0.34033766 0.01427657 0.04141077 0.00621895 0.01547592
  0.05122966 0.01057305 0.01265941 0.05820252 0.02243745 0.05119083
  0.07978987 0.05933235]
 [0.00175268 0.0017125  0.00171345 0.00152362 0.00169757 0.00225255
  0.00231239 0.00454028 0.9620156  0.00212842 0.00173275 0.00183659
  0.00206404 0.00196912 0.00168891 0.00176166 0.00165415 0.00184716
  0.00218246 0.00161402]
 [0.00497533 0.0066008  0.00803562 0.0205576  0.01020723 0.12464281
  0.05162649 0.02355313 0.00541314 0.00336904 0.00521555 0.00716305
  0.16204955 0.00741506 0.00426046 0.00659414 0.5230698  0.00749619
  0.00639771 0.01135738]
 [0.5868201  0.04522153 0.01576745 0.00795528 0.04192065 0.00863207
  0.00595887 0.02801094 0.00501793 0.00970393 0.10527944 0.01160536
  0.00774893 0.02820951 0.02741416 0.00772055 0.02547373 0.01393305
  0.0077599  0.00984665]
 [0.01264556 0.01173972 0.0099889  0.00795219 0.04330635 0.01077138
  0.06431613 0.01081929 0.00850431 0.03933927 0.7069612  0.00475378
  0.00901601 0.01622939 0.00803172 0.00641394 0.00639017 0.01062375
  0.0047525  0.00744439]
 [0.01097021 0.00704255 0.01855177 0.7585473  0.00806082 0.00511463
  0.00409868 0.00415289 0.00380062 0.00655359 0.00640707 0.0253317
  0.03099653 0.02184136 0.02394563 0.00570467 0.00984548 0.03736353
  0.00621108 0.00545982]
 [0.03007974 0.00822879 0.01396378 0.01823462 0.01927539 0.00644933
  0.01282372 0.0087048  0.00892279 0.01088784 0.03541085 0.0559385
  0.06563004 0.03593772 0.01635678 0.02308362 0.01019562 0.04241914
  0.56864464 0.00881227]
 [0.5006882  0.01735391 0.02381857 0.01956314 0.01762411 0.01755507
  0.02175205 0.04287568 0.02498581 0.02634273 0.02971272 0.02743475
  0.03304558 0.03387472 0.03258206 0.02606925 0.02611253 0.02639916
  0.02622272 0.02598727]
 [0.42135626 0.04340787 0.02965277 0.02489998 0.02413165 0.02250606
  0.02120391 0.0258459  0.0387758  0.036337   0.03439534 0.03674702
  0.03234942 0.02575615 0.0316112  0.03011142 0.03012458 0.03019722
  0.03032173 0.03026865]
 [0.3764778  0.02806337 0.03980875 0.04230165 0.03072873 0.02756025
  0.0441028  0.02893832 0.03182473 0.03182473 0.03182473 0.03182473
  0.03182473 0.03182473 0.03182473 0.0317346  0.03185951 0.03190262
  0.03192917 0.03181929]
 [0.39390257 0.0469497  0.0457637  0.02738691 0.0274355  0.03061351
  0.03061351 0.03061351 0.03061351 0.03061351 0.03061351 0.03061351
  0.03061351 0.03061351 0.03061351 0.03049078 0.03045755 0.03027952
  0.03075394 0.03044476]]",0.23861593
AAYIRDDPSDTDVSEFDYAA,0.24133339524269104,AAAGHTSSHGHTALDYAAAA,[0.99999994],"[[0.8501139  0.00485186 0.00456332 0.00659324 0.00621738 0.0040735
  0.00392457 0.0040025  0.0593872  0.00540013 0.00690703 0.00420973
  0.00633237 0.00477474 0.00477474 0.00477474 0.00477474 0.00477474
  0.00477474 0.00477474]
 [0.78311646 0.00601661 0.00849739 0.0074941  0.00604879 0.02100478
  0.0039123  0.00533259 0.08140481 0.00573636 0.01027289 0.00584516
  0.00760346 0.00678319 0.00762937 0.00625123 0.00672953 0.00677266
  0.00695377 0.00659459]
 [0.85058486 0.00430909 0.0041605  0.04250619 0.00415016 0.00438688
  0.00701039 0.00521098 0.01320416 0.003241   0.00751201 0.00432239
  0.00819406 0.00517995 0.01183759 0.00415524 0.00577136 0.00481126
  0.00487509 0.0045768 ]
 [0.00329844 0.00329979 0.0035552  0.00370995 0.0471676  0.00343722
  0.00293962 0.83536786 0.00245311 0.00322259 0.00345996 0.00284982
  0.00337266 0.02258152 0.01258245 0.01741963 0.01702376 0.00503649
  0.00417859 0.00304371]
 [0.00254795 0.00232497 0.0026     0.00285311 0.00287917 0.00270856
  0.00326012 0.00322569 0.94965655 0.00235458 0.00219341 0.00284691
  0.00290691 0.00255453 0.0033175  0.0024095  0.00237774 0.00244307
  0.00235239 0.00218727]
 [0.00796075 0.02458491 0.00516339 0.00782787 0.10022751 0.02799593
  0.02008195 0.00431668 0.01051978 0.01143083 0.00487237 0.00390682
  0.00443177 0.09440567 0.07475793 0.04714429 0.52516013 0.00696296
  0.00572633 0.01252214]
 [0.00250084 0.00263423 0.00273581 0.00325385 0.00377503 0.00441137
  0.00255642 0.05106721 0.00335443 0.00251785 0.00393911 0.00301918
  0.00304338 0.00382484 0.00272307 0.87787646 0.00271979 0.00255241
  0.01914247 0.00235236]
 [0.00505457 0.00505457 0.00505457 0.02192365 0.00312662 0.00854969
  0.00640224 0.00744391 0.09644127 0.01012812 0.00830261 0.00384079
  0.00472435 0.00425391 0.00603429 0.7164225  0.04218877 0.00420262
  0.00675958 0.03409152]
 [0.00295898 0.00251493 0.00219357 0.00268421 0.01828755 0.00387591
  0.00215404 0.0092825  0.91829175 0.00349648 0.00165138 0.0036519
  0.00232177 0.00194414 0.00390023 0.0038222  0.00413436 0.00601161
  0.00461191 0.00221059]
 [0.03367914 0.0429248  0.03609142 0.0420276  0.05124573 0.01195978
  0.01554893 0.34010985 0.015046   0.03983185 0.00626473 0.01579198
  0.05173125 0.0107309  0.01239742 0.06123411 0.02463772 0.05077483
  0.07926111 0.05871077]
 [0.00175433 0.00171891 0.00173362 0.00153235 0.00169156 0.00222794
  0.00234156 0.00450822 0.961922   0.00212576 0.00174004 0.00184491
  0.00206508 0.00197093 0.00169487 0.00177214 0.0016533  0.00187401
  0.00220658 0.00162201]
 [0.00497649 0.00648582 0.00723192 0.02338851 0.01145968 0.13066368
  0.05941601 0.03218802 0.00573398 0.00355764 0.00563662 0.00766829
  0.18489781 0.00798754 0.00451551 0.00721253 0.4696811  0.00786576
  0.00666812 0.01276493]
 [0.60169804 0.03636997 0.01534801 0.00792081 0.04941075 0.00864196
  0.00585835 0.0244171  0.00512666 0.01005953 0.10289401 0.01170828
  0.00792181 0.02515933 0.02666159 0.00809335 0.02205301 0.01329569
  0.0077596  0.00960212]
 [0.01256289 0.01043663 0.0095402  0.00760933 0.03817949 0.00884648
  0.05965831 0.01083308 0.00832346 0.03581508 0.729261   0.00452181
  0.00868713 0.01457679 0.00721971 0.00565858 0.00609685 0.01025591
  0.00465198 0.00726538]
 [0.01109283 0.00750801 0.02010755 0.74676186 0.00805936 0.00521177
  0.00413517 0.00424586 0.00386234 0.00664892 0.00650393 0.02579843
  0.0335074  0.02334061 0.02655471 0.00613292 0.01045981 0.03738074
  0.00671324 0.00597446]
 [0.02955786 0.00793212 0.01347465 0.01811836 0.01939079 0.00628396
  0.0121293  0.00839819 0.00916524 0.01039074 0.03916993 0.05546426
  0.06635195 0.03350975 0.01510269 0.02035517 0.0102241  0.03587366
  0.58034974 0.00875753]
 [0.49926284 0.01982491 0.02406598 0.02007833 0.01707607 0.01781167
  0.02163205 0.04015312 0.02506491 0.02606932 0.02924718 0.02779603
  0.03360939 0.034541   0.03309099 0.02603507 0.02608052 0.02642704
  0.02620273 0.02593094]
 [0.4230844  0.04284379 0.02976811 0.02517386 0.02405096 0.02274774
  0.02152159 0.02571493 0.03789789 0.03533845 0.03423859 0.0361837
  0.03263728 0.02549511 0.03182466 0.03019153 0.03020445 0.03027698
  0.03042504 0.03038083]
 [0.38065815 0.02807947 0.03925962 0.04154914 0.03022541 0.02759088
  0.04332392 0.02891678 0.0316825  0.0316825  0.0316825  0.0316825
  0.0316825  0.0316825  0.0316825  0.03159542 0.03171572 0.03181668
  0.03182806 0.03166321]
 [0.39629242 0.04708907 0.04447901 0.02729198 0.02767278 0.03052222
  0.03052222 0.03052222 0.03052222 0.03052222 0.03052222 0.03052222
  0.03052222 0.03052222 0.03052222 0.03040276 0.03037051 0.03014691
  0.03071967 0.03031258]]",0.23861593
AAAAATTGVLTYFDYAAAAA,-0.07514535635709763,AAAGHTSSHGHTALDYAAAA,[1.],"[[0.8467852  0.00487878 0.00458042 0.0066437  0.00628773 0.00407488
  0.00404549 0.00396828 0.06208673 0.00543534 0.00701661 0.00424117
  0.00633045 0.00480359 0.00480359 0.00480359 0.00480359 0.00480359
  0.00480359 0.00480359]
 [0.7735562  0.00607599 0.00877907 0.00762681 0.00607835 0.02240811
  0.00397742 0.00534869 0.08772399 0.00583165 0.01025881 0.00589707
  0.00779231 0.00692629 0.00787836 0.00633309 0.00684272 0.00690756
  0.00706921 0.0066884 ]
 [0.8666057  0.00418999 0.00403251 0.03135657 0.0039874  0.00420026
  0.00652227 0.00500858 0.01268782 0.00311144 0.00701546 0.00416455
  0.00792504 0.00490945 0.01118577 0.00400742 0.00542949 0.00463386
  0.00464965 0.00437668]
 [0.00326476 0.00322201 0.0035132  0.00351404 0.04681106 0.00335531
  0.00286281 0.8351404  0.00241572 0.00316556 0.00342036 0.00274118
  0.00335213 0.02285938 0.01241147 0.01746294 0.01818089 0.00518905
  0.00411875 0.00299905]
 [0.00249809 0.00226821 0.0025608  0.00279945 0.00280683 0.00264925
  0.00315439 0.00314513 0.95055413 0.00231054 0.00214343 0.00280064
  0.00284232 0.00250493 0.00331835 0.00240445 0.00234343 0.0024296
  0.00232687 0.00213915]
 [0.00723748 0.01818677 0.00504698 0.0080196  0.09983904 0.03077397
  0.0203513  0.00432313 0.01021378 0.01050594 0.00487745 0.00389261
  0.00441774 0.09012507 0.07792524 0.04511624 0.53342605 0.00717416
  0.00574737 0.01280009]
 [0.00271241 0.0026763  0.00306049 0.00340418 0.00400879 0.00474465
  0.00264293 0.05763228 0.00345614 0.00263204 0.00407553 0.00302678
  0.00322352 0.00410756 0.00288784 0.8671628  0.00286955 0.00269007
  0.02047318 0.00251289]
 [0.0049912  0.0049912  0.0049912  0.02255807 0.00308768 0.00854448
  0.00627347 0.00727404 0.09575951 0.01010174 0.00823108 0.00375381
  0.00469922 0.00422333 0.00606609 0.7182522  0.04017885 0.0041484
  0.00630329 0.03557114]
 [0.00292959 0.00243514 0.00216869 0.00263097 0.01684923 0.00380636
  0.00210489 0.00867837 0.92141014 0.0033393  0.00161902 0.00366016
  0.00226676 0.00190705 0.00383999 0.00375074 0.00389991 0.00615015
  0.0044836  0.00207002]
 [0.03537942 0.04219839 0.03899961 0.04180605 0.05241516 0.01172568
  0.01448001 0.34058812 0.01426871 0.04131612 0.0062124  0.0154621
  0.05132455 0.0105632  0.01281445 0.05754568 0.02247884 0.05115696
  0.07985674 0.05940781]
 [0.00175052 0.00171009 0.00171132 0.0015219  0.00169518 0.00224941
  0.00230954 0.00451731 0.9620876  0.00212593 0.00172925 0.00183507
  0.00206105 0.00196686 0.00168706 0.00175453 0.00165328 0.00184409
  0.00217617 0.00161386]
 [0.00499512 0.0066355  0.00808599 0.0207229  0.01032091 0.12489723
  0.05174549 0.02355975 0.0054226  0.00337103 0.00522087 0.00720018
  0.1620279  0.00746688 0.00427139 0.00659096 0.5223743  0.0074918
  0.00633736 0.01126194]
 [0.5865925  0.04550106 0.01582308 0.00795751 0.04200081 0.00864021
  0.0059278  0.02808422 0.00502141 0.00969604 0.10526617 0.01162564
  0.00774805 0.02808104 0.0273108  0.00768019 0.02550086 0.01394681
  0.00776593 0.00982992]
 [0.01262134 0.01176713 0.01010265 0.00789949 0.04278126 0.01078022
  0.06420641 0.01078301 0.00846714 0.03929309 0.707767   0.00474054
  0.00896974 0.01627216 0.0080131  0.00642218 0.00639315 0.01057299
  0.00473531 0.00741219]
 [0.01096911 0.00700494 0.01861803 0.7584777  0.00807514 0.00512623
  0.00407801 0.00414555 0.00379651 0.00656369 0.00641375 0.02539128
  0.03100028 0.02190734 0.02400864 0.00569309 0.00979528 0.03729741
  0.00619442 0.00544359]
 [0.03011964 0.00822465 0.0139554  0.01822974 0.01932349 0.0064494
  0.01277819 0.00863448 0.00887404 0.01078527 0.03541127 0.05575085
  0.06589223 0.0361757  0.01637583 0.02312934 0.01017633 0.04244699
  0.56848013 0.00878705]
 [0.50102043 0.01732439 0.02379639 0.01952394 0.01761956 0.01754328
  0.02172747 0.04270272 0.02496241 0.02630991 0.02968209 0.02744843
  0.03311217 0.03395585 0.03264087 0.02603811 0.02608078 0.02636502
  0.02619006 0.02595605]
 [0.4213776  0.04340253 0.02965312 0.02490846 0.0241424  0.02251017
  0.02121154 0.02583436 0.03872759 0.03630199 0.03436728 0.03676235
  0.032392   0.02570677 0.03164161 0.03011945 0.03013255 0.03020475
  0.03032863 0.03027482]
 [0.37630567 0.02805674 0.03983125 0.04229911 0.03075343 0.02756717
  0.04411595 0.02894605 0.03183402 0.03183402 0.03183402 0.03183402
  0.03183402 0.03183402 0.03183402 0.03174369 0.0318688  0.03190871
  0.0319361  0.03182925]
 [0.3939173  0.04689738 0.04575787 0.02738564 0.02743507 0.0306164
  0.0306164  0.0306164  0.0306164  0.0306164  0.0306164  0.0306164
  0.0306164  0.0306164  0.0306164  0.03049362 0.03046043 0.03028492
  0.03075373 0.03045008]]",0.23861593
AAAGHTSSHGHTALDYAAAA,0.23861593008041382,AAAGHTSSHGHTALDYAAAA,[0.99999994],"[[0.85003215 0.00485679 0.00456714 0.00659738 0.00622211 0.00407737
  0.00392069 0.00399075 0.05941432 0.00540681 0.00690728 0.00421164
  0.00633951 0.00477944 0.00477944 0.00477944 0.00477944 0.00477944
  0.00477944 0.00477944]
 [0.7834941  0.00601315 0.00849848 0.00748722 0.00604601 0.02100086
  0.00390987 0.00533611 0.08108775 0.00573165 0.0102614  0.00584215
  0.00760365 0.00677936 0.00762755 0.00624615 0.00672571 0.00677007
  0.00694821 0.00659069]
 [0.8505427  0.00430794 0.00415821 0.04254362 0.00415053 0.00438675
  0.00701118 0.00518515 0.01322408 0.00324072 0.00751162 0.00431996
  0.00821162 0.0051823  0.01184289 0.00415422 0.00576654 0.00480974
  0.00487423 0.00457597]
 [0.00329593 0.00329643 0.00355131 0.00370985 0.04728609 0.00342814
  0.00293484 0.8353495  0.00245008 0.00322315 0.0034526  0.0028436
  0.00337128 0.02245101 0.01260859 0.01743317 0.01705597 0.00505279
  0.00416384 0.00304186]
 [0.00254411 0.0023206  0.00259442 0.00285058 0.00287564 0.00270587
  0.00325651 0.00321729 0.9497184  0.00235214 0.00219076 0.00284069
  0.00290085 0.00255046 0.00332868 0.00240575 0.00237427 0.00244006
  0.00234948 0.00218354]
 [0.00795786 0.02464091 0.00516644 0.00782985 0.10002366 0.02798928
  0.02018951 0.00432747 0.01053948 0.01142363 0.00486636 0.0039077
  0.0044311  0.09464087 0.075014   0.04694566 0.5248766  0.00696789
  0.00572652 0.0125353 ]
 [0.0024951  0.00262717 0.00272689 0.00325633 0.00376703 0.00439657
  0.00255315 0.05113561 0.00334235 0.00251226 0.00393516 0.0030181
  0.00303538 0.00381532 0.0027165  0.8779259  0.00271491 0.00254866
  0.0191286  0.00234915]
 [0.00505638 0.00505638 0.00505638 0.02189377 0.00312493 0.00854197
  0.00639766 0.00743464 0.09631636 0.01011452 0.00827326 0.00385358
  0.00474379 0.00425381 0.00603283 0.7165178  0.04221984 0.00420168
  0.00675147 0.03415892]
 [0.00296971 0.00252433 0.00220575 0.00269411 0.01827213 0.00388728
  0.00215652 0.00930941 0.91817737 0.00350941 0.00165745 0.00364883
  0.0023244  0.00194967 0.003909   0.00383062 0.00413605 0.00601214
  0.00461688 0.00220894]
 [0.03367458 0.04292946 0.03607563 0.04203396 0.05134168 0.01192274
  0.0154904  0.33994505 0.01505191 0.03992574 0.00626004 0.01574951
  0.05175515 0.01074008 0.01241561 0.0612895  0.02459608 0.05078186
  0.07928604 0.05873496]
 [0.0017528  0.00171705 0.00173085 0.00152993 0.00168981 0.00221938
  0.00233658 0.00450561 0.9619722  0.00212444 0.00174066 0.00184004
  0.00206301 0.00196877 0.00169333 0.00177084 0.00165164 0.00187229
  0.00220123 0.0016196 ]
 [0.00496697 0.00647804 0.00723256 0.02344888 0.01145042 0.13077
  0.05925603 0.03230292 0.00572032 0.00354725 0.005684   0.00764999
  0.18441506 0.00803062 0.00451852 0.00723108 0.46998098 0.00785871
  0.00670112 0.0127566 ]
 [0.6021279  0.03630494 0.01539537 0.0079071  0.04942245 0.0086351
  0.00586179 0.02433747 0.00512518 0.01001563 0.1027784  0.01170806
  0.00790418 0.02508325 0.02661095 0.0080949  0.02202064 0.01331213
  0.00775313 0.00960133]
 [0.01256624 0.01043289 0.00958175 0.00763915 0.03831911 0.00885582
  0.05998324 0.01074726 0.00831576 0.03594692 0.72853804 0.00452776
  0.0086965  0.01461067 0.00723142 0.00566783 0.00609888 0.01030189
  0.00465704 0.00728182]
 [0.01107734 0.00751849 0.02016841 0.7467936  0.00805224 0.00521614
  0.00414218 0.00424618 0.00386005 0.00664404 0.00648785 0.02574936
  0.03352048 0.023337   0.02650347 0.00612516 0.01045017 0.03742961
  0.00671008 0.00596805]
 [0.02955645 0.00792528 0.01346901 0.01811949 0.01935665 0.00627495
  0.01213391 0.00840441 0.00916169 0.01039742 0.03907545 0.05558966
  0.06633338 0.03367759 0.01510607 0.02038151 0.01021725 0.03594415
  0.5801209  0.00875477]
 [0.4992708  0.01983067 0.02406567 0.02006484 0.01703458 0.01780196
  0.02163844 0.04021582 0.02506951 0.02608275 0.02925635 0.02778526
  0.03358587 0.03449653 0.03307797 0.02604415 0.02608925 0.02643883
  0.02621224 0.02593847]
 [0.42324647 0.04285797 0.02976084 0.02515499 0.02403366 0.0227297
  0.02150017 0.02570842 0.03792436 0.0353684  0.03423318 0.03618754
  0.03260722 0.02549368 0.03179931 0.03017417 0.03018676 0.03025933
  0.03040844 0.03036543]
 [0.38053343 0.02808098 0.03927789 0.0415721  0.03022615 0.02759036
  0.04334764 0.02891789 0.0316869  0.0316869  0.0316869  0.0316869
  0.0316869  0.0316869  0.0316869  0.03159977 0.03172027 0.03182373
  0.03183427 0.03166713]
 [0.39635763 0.04713861 0.04447009 0.02730119 0.02766176 0.03051535
  0.03051535 0.03051535 0.03051535 0.03051535 0.03051535 0.03051535
  0.03051535 0.03051535 0.03051535 0.03039623 0.03036385 0.03013795
  0.03071548 0.03030369]]",0.23861593
